"Shape_['0', 'b']",Shape_['0'],"Shape_['1', '0', 'b']","Shape_['1', '0']","Shape_['1', 'b']",Shape_['1'],Shape_['b'],"Color_['#', '0']","Color_['#', 'b']",Color_['0'],"Color_['b', '0']",Color_['b'],Color_[],danceability,energy,key,loudness,mode,speechiness,acousticness,instrumentalness,liveness,valence,A,A#/Bb,B,C,C#/Db,D,D#/Eb,E,F,F#/Gb,G,G#/Ab,3,4,Genre
0,0,0,0,0,1,0,0,0,0,0,1,0,0.558,0.556,9,-8.358,1,0.0564,0.684,0.0,0.0869,0.905,1,0,0,0,0,0,0,0,0,0,0,0,0,1,50s Hits
0,0,0,1,0,0,0,0,0,0,0,0,1,0.538,0.551,10,-8.128,1,0.0802,0.731,0.0,0.0515,0.963,0,1,0,0,0,0,0,0,0,0,0,0,0,1,50s Hits
0,0,0,1,0,0,0,0,0,0,0,0,1,0.505,0.192,8,-12.267,1,0.0283,0.919,0.0,0.106,0.485,0,0,0,0,0,0,0,0,0,0,0,1,0,1,50s Hits
0,0,0,0,0,1,0,1,0,0,0,0,0,0.506,0.686,9,-6.949,1,0.118,0.434,0.0,0.0613,0.834,1,0,0,0,0,0,0,0,0,0,0,0,0,1,50s Hits
0,0,0,0,0,1,0,0,0,0,0,0,1,0.554,0.677,9,-7.728,1,0.0711,0.671,1.51e-06,0.084,0.964,1,0,0,0,0,0,0,0,0,0,0,0,0,1,50s Hits
0,0,0,0,0,1,0,1,0,0,0,0,0,0.442,0.315,5,-9.94,1,0.0437,0.877,0.0,0.111,0.202,0,0,0,0,0,0,0,0,1,0,0,0,1,0,50s Hits
0,0,0,1,0,0,0,0,0,0,0,1,0,0.43,0.558,1,-6.549,1,0.0844,0.534,0.000507,0.0914,0.779,0,0,0,0,1,0,0,0,0,0,0,0,0,1,50s Hits
1,0,0,0,0,0,0,0,0,0,0,0,1,0.639,0.549,5,-8.319,0,0.0487,0.779,0.0,0.151,0.525,0,0,0,0,0,0,0,0,1,0,0,0,0,1,50s Hits
0,0,0,0,0,1,0,0,0,0,0,0,1,0.502,0.931,5,-4.686,1,0.174,0.697,3.92e-06,0.281,0.903,0,0,0,0,0,0,0,0,1,0,0,0,0,1,50s Hits
0,0,0,0,0,1,0,0,0,0,0,0,1,0.569,0.355,7,-8.797,1,0.0279,0.783,0.0,0.209,0.587,0,0,0,0,0,0,0,0,0,0,1,0,1,0,50s Hits
0,0,0,0,0,1,0,0,0,0,0,0,1,0.651,0.528,9,-8.033,1,0.0294,0.608,0.0,0.342,0.873,1,0,0,0,0,0,0,0,0,0,0,0,0,1,50s Hits
1,0,0,0,0,0,0,0,0,0,0,0,1,0.581,0.368,1,-11.264,0,0.0263,0.788,0.0,0.157,0.568,0,0,0,0,1,0,0,0,0,0,0,0,0,1,50s Hits
0,1,0,0,0,0,0,0,0,0,0,1,0,0.721,0.82,11,-10.32,0,0.0448,0.387,0.000326,0.198,0.966,0,0,1,0,0,0,0,0,0,0,0,0,0,1,50s Hits
0,0,0,0,0,1,0,0,0,0,0,1,0,0.428,0.594,10,-12.716,1,0.379,0.734,0.0,0.567,0.556,0,1,0,0,0,0,0,0,0,0,0,0,0,1,50s Hits
0,0,0,1,0,0,0,0,0,0,0,0,1,0.564,0.283,1,-13.624,1,0.0407,0.635,0.0,0.188,0.678,0,0,0,0,1,0,0,0,0,0,0,0,0,1,50s Hits
0,0,0,0,0,1,0,0,0,0,0,0,1,0.516,0.809,0,-6.419,1,0.0545,0.787,0.000331,0.303,0.939,0,0,0,1,0,0,0,0,0,0,0,0,0,1,50s Hits
1,0,0,0,0,0,0,0,0,0,0,0,1,0.647,0.582,10,-9.538,0,0.0755,0.41,1.93e-06,0.0715,0.915,0,1,0,0,0,0,0,0,0,0,0,0,0,1,50s Hits
0,0,0,0,0,0,1,0,0,1,0,0,0,0.799,0.646,1,-12.579,0,0.146,0.354,8.41e-06,0.292,0.763,0,0,0,0,1,0,0,0,0,0,0,0,0,1,50s Hits
0,0,0,0,0,1,0,0,0,1,0,0,0,0.623,0.48,2,-13.215,1,0.0392,0.193,0.0,0.11,0.842,0,0,0,0,0,1,0,0,0,0,0,0,0,1,50s Hits
0,0,0,0,0,1,0,0,0,0,0,0,1,0.659,0.515,9,-7.912,1,0.0296,0.818,0.0,0.179,0.602,1,0,0,0,0,0,0,0,0,0,0,0,0,1,50s Hits
0,0,0,1,0,0,0,0,0,0,0,0,1,0.709,0.62,2,-9.382,1,0.034,0.318,0.0,0.0426,0.936,0,0,0,0,0,1,0,0,0,0,0,0,0,1,50s Hits
0,0,0,1,0,0,0,0,0,0,0,0,1,0.62,0.533,6,-11.417,1,0.0394,0.495,0.185,0.328,0.81,0,0,0,0,0,0,0,0,0,1,0,0,0,1,50s Hits
0,0,0,0,0,1,0,0,0,0,0,0,1,0.415,0.635,5,-8.982,1,0.0772,0.608,0.0,0.25,0.842,0,0,0,0,0,0,0,0,1,0,0,0,0,1,50s Hits
0,0,0,0,0,1,0,0,0,1,0,0,0,0.357,0.756,0,-8.492,1,0.0621,0.733,0.00505,0.76,0.95,0,0,0,1,0,0,0,0,0,0,0,0,0,1,50s Hits
0,0,0,1,0,0,0,0,0,0,0,0,1,0.541,0.608,7,-13.083,1,0.106,0.298,0.0,0.234,0.938,0,0,0,0,0,0,0,0,0,0,1,0,0,1,50s Hits
0,0,0,1,0,0,0,0,0,0,0,0,1,0.364,0.607,2,-9.791,1,0.125,0.451,0.0,0.251,0.598,0,0,0,0,0,1,0,0,0,0,0,0,0,1,50s Hits
0,0,0,0,0,1,0,0,0,1,0,0,0,0.54,0.389,4,-7.212,1,0.0345,0.757,1.22e-05,0.0836,0.954,0,0,0,0,0,0,0,1,0,0,0,0,0,1,50s Hits
0,0,0,0,0,1,0,0,0,1,0,0,0,0.592,0.562,4,-9.689,1,0.046,0.511,0.0,0.196,0.792,0,0,0,0,0,0,0,1,0,0,0,0,0,1,50s Hits
0,0,0,0,0,1,0,0,0,0,0,0,1,0.536,0.685,9,-9.52,1,0.0483,0.762,7.52e-06,0.107,0.81,1,0,0,0,0,0,0,0,0,0,0,0,1,0,50s Hits
0,0,0,0,1,0,0,0,0,1,0,0,0,0.626,0.535,9,-4.441,1,0.0443,0.85,0.0,0.0561,0.671,1,0,0,0,0,0,0,0,0,0,0,0,0,1,50s Hits
0,0,0,0,0,1,0,0,0,0,0,0,1,0.557,0.873,7,-9.129,1,0.0444,0.481,0.00021,0.395,0.967,0,0,0,0,0,0,0,0,0,0,1,0,0,1,50s Hits
0,0,0,0,0,1,0,0,0,0,0,0,1,0.479,0.506,11,-8.175,1,0.0272,0.849,2.69e-05,0.25,0.83,0,0,1,0,0,0,0,0,0,0,0,0,1,0,50s Hits
0,0,0,1,0,0,0,0,0,0,0,0,1,0.747,0.226,7,-13.635,1,0.0415,0.908,0.000168,0.107,0.778,0,0,0,0,0,0,0,0,0,0,1,0,0,1,50s Hits
0,0,0,0,0,1,0,0,0,1,0,0,0,0.609,0.749,3,-6.147,1,0.0363,0.831,1.45e-06,0.039,0.967,0,0,0,0,0,0,1,0,0,0,0,0,0,1,50s Hits
0,0,0,1,0,0,0,0,1,0,0,0,0,0.671,0.526,8,-8.543,1,0.179,0.717,0.013,0.406,0.838,0,0,0,0,0,0,0,0,0,0,0,1,0,1,50s Hits
0,0,0,0,0,1,0,0,0,0,0,0,1,0.715,0.669,7,-9.491,1,0.128,0.705,0.000732,0.044,0.976,0,0,0,0,0,0,0,0,0,0,1,0,0,1,50s Hits
0,0,0,0,0,1,0,0,0,0,0,1,0,0.646,0.628,3,-8.794,1,0.243,0.404,5.03e-06,0.00967,0.881,0,0,0,0,0,0,1,0,0,0,0,0,0,1,50s Hits
0,0,0,0,1,0,0,0,0,1,0,0,0,0.731,0.255,3,-11.732,1,0.0375,0.485,0.0,0.09,0.564,0,0,0,0,0,0,1,0,0,0,0,0,0,1,50s Hits
0,0,1,0,0,0,0,0,0,0,0,0,1,0.526,0.774,5,-1.692,1,0.0459,0.715,0.0,0.437,0.715,0,0,0,0,0,0,0,0,1,0,0,0,0,1,50s Hits
0,0,0,0,0,1,0,0,0,0,0,0,1,0.463,0.224,5,-10.542,1,0.0255,0.866,0.0,0.116,0.394,0,0,0,0,0,0,0,0,1,0,0,0,0,1,50s Hits
0,0,0,1,0,0,0,0,0,0,0,0,1,0.617,0.5,7,-7.979,1,0.0396,0.685,0.0,0.0778,0.904,0,0,0,0,0,0,0,0,0,0,1,0,0,1,50s Hits
0,0,0,0,0,1,0,0,0,0,0,0,1,0.266,0.546,10,-9.012,1,0.0375,0.709,3.05e-05,0.159,0.946,0,1,0,0,0,0,0,0,0,0,0,0,0,1,50s Hits
1,0,0,0,0,0,0,0,0,0,0,0,1,0.56,0.41,7,-13.739,0,0.0626,0.838,0.0,0.21,0.743,0,0,0,0,0,0,0,0,0,0,1,0,0,1,50s Hits
0,0,0,0,0,1,0,0,0,0,0,0,1,0.645,0.943,0,-1.526,1,0.0393,0.385,0.0,0.37,0.965,0,0,0,1,0,0,0,0,0,0,0,0,0,1,50s Hits
0,1,0,0,0,0,0,0,0,0,0,1,0,0.584,0.563,10,-6.826,0,0.0455,0.137,1.83e-05,0.174,0.667,0,1,0,0,0,0,0,0,0,0,0,0,0,1,50s Hits
0,0,0,1,0,0,0,0,0,0,0,0,1,0.703,0.478,7,-8.062,1,0.0441,0.626,0.0,0.113,0.734,0,0,0,0,0,0,0,0,0,0,1,0,0,1,50s Hits
0,0,0,1,0,0,0,0,0,0,0,0,1,0.511,0.769,4,-7.032,1,0.042,0.181,0.0,0.0921,0.818,0,0,0,0,0,0,0,1,0,0,0,0,0,1,50s Hits
0,0,0,1,0,0,0,0,0,0,0,0,1,0.71,0.712,7,-6.299,1,0.0515,0.811,0.0,0.109,0.911,0,0,0,0,0,0,0,0,0,0,1,0,0,1,50s Hits
0,0,0,0,0,1,0,0,0,1,0,0,0,0.604,0.307,10,-10.832,1,0.0275,0.727,0.0,0.0932,0.604,0,1,0,0,0,0,0,0,0,0,0,0,1,0,50s Hits
0,0,0,0,0,1,0,0,0,0,0,0,1,0.568,0.316,0,-15.225,1,0.0336,0.648,0.000228,0.086,0.79,0,0,0,1,0,0,0,0,0,0,0,0,0,1,50s Hits
0,0,0,0,0,1,0,0,0,0,1,0,0,0.697,0.55,2,-11.496,1,0.18,0.856,3.44e-05,0.0907,0.844,0,0,0,0,0,1,0,0,0,0,0,0,0,1,50s Hits
0,0,0,0,0,1,0,0,0,0,0,0,1,0.543,0.619,9,-7.518,1,0.0377,0.777,0.0,0.109,0.846,1,0,0,0,0,0,0,0,0,0,0,0,0,1,50s Hits
1,0,0,0,0,0,0,0,0,0,0,0,1,0.742,0.674,8,-7.648,0,0.0354,0.788,0.0,0.0698,0.964,0,0,0,0,0,0,0,0,0,0,0,1,0,1,50s Hits
0,0,1,0,0,0,0,0,0,0,0,0,1,0.77,0.852,2,-2.49,1,0.0332,0.84,0.0,0.113,0.966,0,0,0,0,0,1,0,0,0,0,0,0,0,1,50s Hits
0,0,0,1,0,0,0,0,0,0,0,0,1,0.815,0.606,7,-9.733,1,0.115,0.571,0.0,0.13,0.883,0,0,0,0,0,0,0,0,0,0,1,0,0,1,50s Hits
0,0,0,0,0,1,0,0,0,0,0,0,1,0.535,0.797,3,-7.533,1,0.0459,0.48,3.42e-05,0.141,0.613,0,0,0,0,0,0,1,0,0,0,0,0,0,1,50s Hits
0,0,0,0,0,1,0,0,0,0,0,0,1,0.615,0.815,5,-7.128,1,0.0373,0.475,0.0,0.0964,0.765,0,0,0,0,0,0,0,0,1,0,0,0,0,1,50s Hits
0,0,0,1,0,0,0,0,0,0,0,1,0,0.572,0.418,0,-10.738,1,0.0349,0.635,0.0,0.0961,0.694,0,0,0,1,0,0,0,0,0,0,0,0,0,1,50s Hits
0,0,0,0,0,1,0,0,0,1,0,0,0,0.349,0.326,0,-10.749,1,0.0286,0.512,0.00144,0.665,0.297,0,0,0,1,0,0,0,0,0,0,0,0,1,0,50s Hits
0,0,0,1,0,0,0,0,0,0,0,0,1,0.629,0.782,3,-9.595,1,0.0574,0.709,0.0215,0.304,0.736,0,0,0,0,0,0,1,0,0,0,0,0,0,1,50s Hits
0,0,0,1,0,0,0,0,0,0,0,0,1,0.624,0.468,10,-12.162,1,0.132,0.881,6.35e-06,0.144,0.952,0,1,0,0,0,0,0,0,0,0,0,0,0,1,50s Hits
0,0,0,0,0,1,0,0,0,1,0,0,0,0.696,0.21,4,-11.922,1,0.067,0.84,1.62e-06,0.107,0.717,0,0,0,0,0,0,0,1,0,0,0,0,0,1,50s Hits
0,0,0,0,0,1,0,0,0,1,0,0,0,0.477,0.386,0,-8.771,1,0.0272,0.242,2.3e-06,0.594,0.47,0,0,0,1,0,0,0,0,0,0,0,0,0,1,50s Hits
0,0,0,0,0,1,0,0,0,0,0,0,1,0.431,0.678,4,-7.945,1,0.0365,0.7,6.37e-06,0.199,0.633,0,0,0,0,0,0,0,1,0,0,0,0,0,1,50s Hits
0,0,0,0,0,1,0,0,0,0,0,0,1,0.688,0.727,0,-4.85,1,0.0284,0.188,0.0,0.0624,0.964,0,0,0,1,0,0,0,0,0,0,0,0,0,1,50s Hits
0,0,0,0,0,1,0,0,0,0,0,0,1,0.754,0.708,2,-7.92,1,0.0278,0.398,0.0,0.129,0.965,0,0,0,0,0,1,0,0,0,0,0,0,0,1,50s Hits
0,0,0,0,0,1,0,0,0,1,0,0,0,0.558,0.633,7,-3.265,1,0.0329,0.487,0.0,0.129,0.871,0,0,0,0,0,0,0,0,0,0,1,0,0,1,50s Hits
0,0,0,0,0,1,0,0,0,1,0,0,0,0.632,0.232,9,-12.326,1,0.0318,0.428,4.95e-06,0.215,0.673,1,0,0,0,0,0,0,0,0,0,0,0,0,1,50s Hits
0,0,0,1,0,0,0,0,0,0,0,0,1,0.667,0.467,5,-8.991,1,0.0499,0.851,0.0,0.272,0.905,0,0,0,0,0,0,0,0,1,0,0,0,0,1,50s Hits
0,0,0,0,0,1,0,0,0,0,0,0,1,0.479,0.794,4,-5.46,1,0.0467,0.0663,0.0,0.0325,0.922,0,0,0,0,0,0,0,1,0,0,0,0,0,1,50s Hits
0,0,0,0,0,1,0,0,0,1,0,0,0,0.583,0.568,9,-5.29,1,0.197,0.695,0.0,0.288,0.658,1,0,0,0,0,0,0,0,0,0,0,0,0,1,50s Hits
