"Shape_['#', 'b', '0', '1']","Shape_['0', '1']",Shape_['0'],Shape_['1'],"Shape_['b', '0', '1']","Shape_['b', '0']","Shape_['b', '1']","Color_['#', 'b']",Color_['#'],"Color_['0', 'b']",Color_['0'],Color_['1'],"Color_['b', '#']","Color_['b', '0']",Color_['b'],Color_[],danceability,energy,key,loudness,mode,speechiness,acousticness,instrumentalness,liveness,valence,A,A#/Bb,B,C,C#/Db,D,D#/Eb,E,F,F#/Gb,G,G#/Ab,1,3,4,5,Genre
0,0,0,1,0,0,0,0,0,0,0,0,0,0,0,1,0.221,0.126,0,-25.427,1,0.0447,0.989,0.897,0.102,0.216,0,0,0,1,0,0,0,0,0,0,0,0,0,0,1,0,Classical
0,0,0,0,0,1,0,0,0,0,0,0,0,0,0,1,0.0811,0.0122,4,-32.654,0,0.0511,0.902,0.308,0.0648,0.0384,0,0,0,0,0,0,0,1,0,0,0,0,0,0,1,0,Classical
0,0,0,0,0,1,0,0,0,0,0,0,0,0,0,1,0.204,0.0331,2,-24.044,0,0.0487,0.927,0.825,0.0954,0.0547,0,0,0,0,0,1,0,0,0,0,0,0,0,1,0,0,Classical
0,1,0,0,0,0,0,0,0,0,0,0,0,0,0,1,0.23,0.0487,5,-27.675,1,0.0412,0.986,0.945,0.0679,0.101,0,0,0,0,0,0,0,0,1,0,0,0,0,0,0,1,Classical
0,1,0,0,0,0,0,0,0,0,0,0,0,0,0,1,0.205,0.0525,1,-23.841,1,0.0327,0.98,0.906,0.103,0.0511,0,0,0,0,1,0,0,0,0,0,0,0,0,0,1,0,Classical
0,0,0,0,0,1,0,0,0,0,0,0,0,0,0,1,0.148,0.0722,4,-25.217,0,0.0427,0.944,0.148,0.115,0.0467,0,0,0,0,0,0,0,1,0,0,0,0,0,0,1,0,Classical
1,0,0,0,0,0,0,0,0,0,0,0,0,0,0,1,0.309,0.258,9,-15.327,1,0.0459,0.976,0.69,0.0924,0.115,1,0,0,0,0,0,0,0,0,0,0,0,0,0,1,0,Classical
0,0,0,1,0,0,0,0,0,0,1,0,0,0,0,0,0.275,0.157,7,-18.752,1,0.0636,0.89,0.842,0.186,0.304,0,0,0,0,0,0,0,0,0,0,1,0,0,0,1,0,Classical
0,0,0,0,0,1,0,0,0,0,0,0,0,0,0,1,0.205,0.0686,4,-23.415,0,0.0462,0.873,0.402,0.0909,0.0359,0,0,0,0,0,0,0,1,0,0,0,0,1,0,0,0,Classical
0,0,0,0,0,1,0,0,0,0,0,0,0,0,0,1,0.376,0.00579,5,-31.615,0,0.0576,0.996,0.944,0.0882,0.0369,0,0,0,0,0,0,0,0,1,0,0,0,0,0,1,0,Classical
0,0,0,0,0,1,0,0,0,0,0,0,0,0,0,1,0.303,0.119,9,-18.055,0,0.0386,0.975,0.88,0.112,0.038,1,0,0,0,0,0,0,0,0,0,0,0,0,0,1,0,Classical
0,1,0,0,0,0,0,0,0,0,0,0,0,0,0,1,0.335,0.00501,1,-33.366,1,0.0451,0.993,0.919,0.0618,0.0383,0,0,0,0,1,0,0,0,0,0,0,0,0,1,0,0,Classical
1,0,0,0,0,0,0,0,0,0,0,0,0,0,0,1,0.371,0.131,2,-23.899,1,0.0413,0.898,0.925,0.0847,0.0655,0,0,0,0,0,1,0,0,0,0,0,0,0,0,1,0,Classical
0,0,0,0,1,0,0,0,1,0,0,0,0,0,0,0,0.0783,0.0523,5,-23.247,1,0.0471,0.896,0.945,0.0806,0.0327,0,0,0,0,0,0,0,0,1,0,0,0,0,0,1,0,Classical
0,0,0,0,0,1,0,0,0,0,0,0,0,0,0,1,0.225,0.0047,1,-30.928,0,0.0509,0.992,0.881,0.0722,0.186,0,0,0,0,1,0,0,0,0,0,0,0,0,0,1,0,Classical
0,1,0,0,0,0,0,0,0,0,0,0,0,0,0,1,0.193,0.0656,10,-19.239,1,0.0471,0.995,0.829,0.119,0.0359,0,1,0,0,0,0,0,0,0,0,0,0,0,1,0,0,Classical
0,0,0,0,1,0,0,0,0,0,0,0,0,0,0,1,0.353,0.254,0,-16.205,1,0.0349,0.948,0.859,0.0843,0.0987,0,0,0,1,0,0,0,0,0,0,0,0,0,0,1,0,Classical
0,0,0,0,0,0,1,0,0,0,0,0,0,0,0,1,0.233,0.0252,2,-24.824,1,0.0346,0.975,0.604,0.143,0.0936,0,0,0,0,0,1,0,0,0,0,0,0,0,0,1,0,Classical
0,0,0,1,0,0,0,0,0,0,0,0,0,0,0,1,0.13,0.158,2,-16.132,1,0.035,0.748,0.924,0.1,0.0998,0,0,0,0,0,1,0,0,0,0,0,0,0,0,1,0,Classical
0,0,0,0,1,0,0,0,1,0,0,0,0,0,0,0,0.194,0.0545,4,-24.877,1,0.0366,0.983,0.945,0.0551,0.0385,0,0,0,0,0,0,0,1,0,0,0,0,0,0,1,0,Classical
0,1,0,0,0,0,0,0,0,0,0,0,0,0,0,1,0.0999,0.0241,2,-25.651,1,0.0432,0.98,0.766,0.0623,0.0396,0,0,0,0,0,1,0,0,0,0,0,0,0,1,0,0,Classical
0,0,0,0,0,1,0,0,0,0,0,0,0,0,0,1,0.248,0.298,0,-15.661,0,0.0395,0.957,0.9,0.0943,0.157,0,0,0,1,0,0,0,0,0,0,0,0,0,0,1,0,Classical
0,1,0,0,0,0,0,0,0,0,0,0,0,0,1,0,0.298,0.346,3,-15.465,1,0.0416,0.824,0.694,0.295,0.482,0,0,0,0,0,0,1,0,0,0,0,0,0,0,1,0,Classical
0,0,0,0,1,0,0,0,0,0,0,0,0,0,0,1,0.293,0.0382,11,-21.783,0,0.0413,0.919,0.915,0.097,0.0549,0,0,1,0,0,0,0,0,0,0,0,0,0,1,0,0,Classical
0,0,0,1,0,0,0,0,0,1,0,0,0,0,0,0,0.496,0.249,3,-18.131,1,0.0411,0.98,0.934,0.12,0.719,0,0,0,0,0,0,1,0,0,0,0,0,0,0,1,0,Classical
0,0,0,0,0,1,0,0,0,0,0,0,0,0,0,1,0.491,0.0176,4,-26.911,0,0.0644,0.994,0.927,0.0985,0.0901,0,0,0,0,0,0,0,1,0,0,0,0,0,1,0,0,Classical
0,0,0,0,0,1,0,0,0,0,0,0,0,0,0,1,0.169,0.0161,9,-31.034,0,0.0442,0.986,0.86,0.0805,0.0573,1,0,0,0,0,0,0,0,0,0,0,0,0,1,0,0,Classical
0,0,0,1,0,0,0,0,0,0,0,0,0,0,0,1,0.212,0.301,2,-12.505,1,0.0384,0.963,0.0033,0.13,0.0798,0,0,0,0,0,1,0,0,0,0,0,0,0,0,1,0,Classical
0,0,0,0,1,0,0,0,0,0,0,0,0,0,0,1,0.351,0.206,1,-22.657,1,0.0597,0.797,0.255,0.0738,0.0839,0,0,0,0,1,0,0,0,0,0,0,0,0,0,1,0,Classical
0,0,0,1,0,0,0,0,0,0,1,0,0,0,0,0,0.316,0.143,10,-16.399,1,0.0387,0.983,0.931,0.342,0.0431,0,1,0,0,0,0,0,0,0,0,0,0,0,1,0,0,Classical
0,0,0,0,0,1,0,0,0,0,0,0,0,0,0,1,0.312,0.0465,9,-26.438,0,0.0378,0.981,0.9,0.0872,0.0371,1,0,0,0,0,0,0,0,0,0,0,0,0,1,0,0,Classical
0,0,0,0,0,1,0,0,0,0,0,1,0,0,0,0,0.1,0.0354,11,-17.211,0,0.0387,0.901,0.865,0.125,0.0428,0,0,1,0,0,0,0,0,0,0,0,0,0,0,1,0,Classical
0,0,0,0,0,1,0,0,0,0,0,0,0,0,0,1,0.244,0.0021,1,-41.044,0,0.0417,0.995,0.86,0.161,0.187,0,0,0,0,1,0,0,0,0,0,0,0,0,0,1,0,Classical
0,1,0,0,0,0,0,0,0,0,0,0,0,0,0,1,0.113,0.161,7,-20.046,1,0.0442,0.484,0.928,0.16,0.0365,0,0,0,0,0,0,0,0,0,0,1,0,0,0,1,0,Classical
0,0,0,0,1,0,0,0,0,0,0,0,0,0,0,1,0.279,0.0292,8,-26.804,1,0.0406,0.987,0.902,0.104,0.0338,0,0,0,0,0,0,0,0,0,0,0,1,0,1,0,0,Classical
0,1,0,0,0,0,0,0,0,0,0,0,0,0,0,1,0.0623,0.0116,2,-27.893,1,0.0567,0.991,0.445,0.0816,0.0331,0,0,0,0,0,1,0,0,0,0,0,0,0,1,0,0,Classical
0,0,0,0,0,1,0,0,0,0,0,0,0,0,0,1,0.151,0.0639,11,-24.404,0,0.0439,0.962,0.603,0.466,0.0797,0,0,1,0,0,0,0,0,0,0,0,0,0,1,0,0,Classical
0,0,0,0,0,1,0,0,0,0,0,0,0,0,0,1,0.102,0.0733,10,-24.133,0,0.0488,0.974,0.859,0.28,0.0308,0,1,0,0,0,0,0,0,0,0,0,0,0,1,0,0,Classical
0,0,0,0,1,0,0,0,0,0,0,0,0,0,0,1,0.292,0.246,2,-14.96,1,0.0385,0.922,0.525,0.107,0.0859,0,0,0,0,0,1,0,0,0,0,0,0,0,0,1,0,Classical
0,0,0,0,0,0,1,0,0,0,1,0,0,0,0,0,0.128,0.0386,0,-23.759,1,0.0434,0.991,0.94,0.104,0.0359,0,0,0,1,0,0,0,0,0,0,0,0,0,0,1,0,Classical
0,1,0,0,0,0,0,0,0,0,0,0,0,0,1,0,0.209,0.101,0,-19.383,1,0.0403,0.927,0.9,0.0776,0.153,0,0,0,1,0,0,0,0,0,0,0,0,0,0,1,0,Classical
0,1,0,0,0,0,0,1,0,0,0,0,0,0,0,0,0.398,0.373,1,-14.065,1,0.0524,0.889,0.193,0.121,0.61,0,0,0,0,1,0,0,0,0,0,0,0,0,0,1,0,Classical
1,0,0,0,0,0,0,0,0,0,0,0,0,0,0,1,0.25,0.135,9,-18.615,1,0.0488,0.958,0.0349,0.0477,0.179,1,0,0,0,0,0,0,0,0,0,0,0,0,0,1,0,Classical
0,0,0,0,0,1,0,0,0,0,0,0,0,0,0,1,0.295,0.408,4,-16.632,0,0.0693,0.804,0.148,0.165,0.164,0,0,0,0,0,0,0,1,0,0,0,0,0,1,0,0,Classical
1,0,0,0,0,0,0,0,0,0,0,0,0,0,0,1,0.165,0.106,8,-21.742,1,0.039,0.807,0.782,0.105,0.0336,0,0,0,0,0,0,0,0,0,0,0,1,0,1,0,0,Classical
0,1,0,0,0,0,0,0,0,0,0,0,0,0,0,1,0.177,0.006,5,-42.238,1,0.0383,0.899,3.24e-05,0.105,0.0382,0,0,0,0,0,0,0,0,1,0,0,0,0,1,0,0,Classical
0,0,0,0,0,1,0,0,0,0,0,0,0,0,0,1,0.701,0.341,1,-12.26,0,0.0418,0.499,0.903,0.359,0.163,0,0,0,0,1,0,0,0,0,0,0,0,0,1,0,0,Classical
0,1,0,0,0,0,0,0,0,0,0,0,0,0,0,1,0.0753,0.07,2,-27.272,1,0.044,0.918,0.947,0.146,0.0625,0,0,0,0,0,1,0,0,0,0,0,0,0,0,1,0,Classical
0,1,0,0,0,0,0,0,0,0,0,0,0,0,0,1,0.115,0.0422,8,-24.137,1,0.0404,0.966,0.919,0.0896,0.037,0,0,0,0,0,0,0,0,0,0,0,1,0,1,0,0,Classical
0,0,0,0,1,0,0,0,0,0,0,0,0,0,0,1,0.299,0.00626,9,-30.923,1,0.0478,0.994,0.901,0.0823,0.0634,1,0,0,0,0,0,0,0,0,0,0,0,0,0,1,0,Classical
0,0,0,0,0,0,1,0,0,0,0,0,0,0,0,1,0.341,0.0142,2,-28.293,1,0.0388,0.993,0.921,0.113,0.0384,0,0,0,0,0,1,0,0,0,0,0,0,1,0,0,0,Classical
0,1,0,0,0,0,0,0,0,0,0,0,0,0,1,0,0.191,0.0363,3,-25.31,1,0.0409,0.991,0.924,0.141,0.0372,0,0,0,0,0,0,1,0,0,0,0,0,0,0,1,0,Classical
0,0,0,0,0,0,1,0,0,0,1,0,0,0,0,0,0.322,0.14,4,-20.747,1,0.0489,0.906,0.759,0.125,0.285,0,0,0,0,0,0,0,1,0,0,0,0,0,0,1,0,Classical
0,0,0,0,1,0,0,0,0,0,0,0,0,0,0,1,0.436,0.151,11,-20.745,0,0.0603,0.955,0.793,0.11,0.359,0,0,1,0,0,0,0,0,0,0,0,0,0,0,1,0,Classical
0,0,0,0,0,1,0,0,0,0,0,0,0,0,0,1,0.465,0.128,9,-17.628,0,0.0519,0.978,0.271,0.0423,0.428,1,0,0,0,0,0,0,0,0,0,0,0,0,0,1,0,Classical
0,0,0,0,0,0,1,0,0,0,0,0,0,0,0,1,0.37,0.0076,4,-33.663,1,0.0384,0.995,0.91,0.0864,0.278,0,0,0,0,0,0,0,1,0,0,0,0,0,0,1,0,Classical
0,0,0,1,0,0,0,0,0,0,0,0,0,0,0,1,0.144,0.132,10,-19.115,1,0.0333,0.946,0.779,0.115,0.0627,0,1,0,0,0,0,0,0,0,0,0,0,0,1,0,0,Classical
0,0,0,0,0,1,0,0,0,0,0,0,0,0,0,1,0.458,0.11,9,-22.234,0,0.0309,0.977,0.903,0.359,0.481,1,0,0,0,0,0,0,0,0,0,0,0,0,0,1,0,Classical
0,0,0,1,0,0,0,0,0,0,0,0,0,1,0,0,0.379,0.251,0,-15.488,1,0.0991,0.986,0.0122,0.094,0.335,0,0,0,1,0,0,0,0,0,0,0,0,0,0,1,0,Classical
0,0,0,0,1,0,0,0,0,0,0,0,0,0,0,1,0.224,0.0291,7,-26.167,1,0.0455,0.959,0.845,0.106,0.0538,0,0,0,0,0,0,0,0,0,0,1,0,0,0,1,0,Classical
0,0,0,0,0,1,0,0,0,0,0,0,0,0,0,1,0.101,0.0241,11,-30.172,0,0.0485,0.947,0.847,0.0693,0.0329,0,0,1,0,0,0,0,0,0,0,0,0,0,1,0,0,Classical
0,1,0,0,0,0,0,0,0,0,0,0,1,0,0,0,0.413,0.135,2,-23.277,1,0.0436,0.994,0.902,0.0823,0.0715,0,0,0,0,0,1,0,0,0,0,0,0,0,1,0,0,Classical
0,1,0,0,0,0,0,0,0,0,0,0,0,0,1,0,0.223,0.227,0,-17.695,1,0.0343,0.871,0.891,0.063,0.127,0,0,0,1,0,0,0,0,0,0,0,0,0,0,1,0,Classical
0,0,0,0,1,0,0,0,0,0,0,0,0,0,0,1,0.352,0.235,2,-16.235,1,0.0398,0.894,0.675,0.396,0.329,0,0,0,0,0,1,0,0,0,0,0,0,1,0,0,0,Classical
0,0,0,0,0,1,0,0,0,0,0,0,0,0,0,1,0.296,0.00896,7,-31.948,0,0.0394,0.994,0.91,0.0815,0.0673,0,0,0,0,0,0,0,0,0,0,1,0,0,1,0,0,Classical
0,0,0,1,0,0,0,0,0,0,0,0,0,0,1,0,0.161,0.0144,6,-30.883,1,0.0365,0.986,0.117,0.0836,0.0336,0,0,0,0,0,0,0,0,0,1,0,0,0,0,1,0,Classical
0,0,0,0,0,1,0,0,0,0,0,0,0,0,0,1,0.142,0.113,2,-25.362,0,0.0415,0.859,0.838,0.107,0.0698,0,0,0,0,0,1,0,0,0,0,0,0,1,0,0,0,Classical
0,1,0,0,0,0,0,0,0,0,0,0,1,0,0,0,0.0716,0.0408,7,-28.284,1,0.0399,0.851,0.901,0.0844,0.0377,0,0,0,0,0,0,0,0,0,0,1,0,0,0,1,0,Classical
0,0,1,0,0,0,0,0,0,0,0,0,0,0,1,0,0.48,0.163,5,-19.117,0,0.0645,0.81,0.754,0.093,0.212,0,0,0,0,0,0,0,0,1,0,0,0,0,0,1,0,Classical
1,0,0,0,0,0,0,0,0,0,0,0,0,0,0,1,0.218,0.117,0,-18.585,1,0.0489,0.94,0.861,0.15,0.0599,0,0,0,1,0,0,0,0,0,0,0,0,0,0,1,0,Classical
0,0,0,1,0,0,0,0,0,0,0,0,0,0,0,1,0.377,0.173,9,-21.377,1,0.0329,0.991,0.909,0.103,0.558,1,0,0,0,0,0,0,0,0,0,0,0,0,0,1,0,Classical
0,0,0,0,0,0,1,0,0,0,1,0,0,0,0,0,0.116,0.0694,0,-23.624,1,0.0497,0.969,0.644,0.109,0.0377,0,0,0,1,0,0,0,0,0,0,0,0,0,0,1,0,Classical
0,0,0,0,1,0,0,0,1,0,0,0,0,0,0,0,0.193,0.0839,8,-22.849,1,0.0406,0.971,0.822,0.118,0.0569,0,0,0,0,0,0,0,0,0,0,0,1,0,0,1,0,Classical
0,1,0,0,0,0,0,0,0,0,0,0,0,0,0,1,0.241,0.122,7,-22.411,1,0.0497,0.925,0.66,0.126,0.187,0,0,0,0,0,0,0,0,0,0,1,0,0,0,1,0,Classical
0,1,0,0,0,0,0,0,0,0,0,0,0,0,0,1,0.164,0.0194,3,-34.126,1,0.0434,0.938,0.859,0.0939,0.0581,0,0,0,0,0,0,1,0,0,0,0,0,0,1,0,0,Classical
0,1,0,0,0,0,0,0,0,0,0,0,0,0,0,1,0.436,0.00518,7,-36.593,1,0.067,0.995,0.932,0.0788,0.275,0,0,0,0,0,0,0,0,0,0,1,0,0,0,0,1,Classical
0,0,0,0,0,1,0,0,0,0,0,0,0,0,0,1,0.339,0.0588,10,-17.647,0,0.0373,0.984,0.862,0.12,0.198,0,1,0,0,0,0,0,0,0,0,0,0,0,0,1,0,Classical
0,0,0,0,0,1,0,0,0,0,0,0,0,0,0,1,0.0891,0.341,10,-12.681,0,0.046,0.145,0.836,0.111,0.0334,0,1,0,0,0,0,0,0,0,0,0,0,0,1,0,0,Classical
0,1,0,0,0,0,0,0,0,0,0,0,0,0,0,1,0.12,0.138,10,-15.538,1,0.048,0.994,0.686,0.11,0.043,0,1,0,0,0,0,0,0,0,0,0,0,0,0,1,0,Classical
0,0,0,0,1,0,0,0,0,0,0,0,0,0,0,1,0.156,0.0978,5,-16.326,1,0.0371,0.976,0.893,0.0854,0.0638,0,0,0,0,0,0,0,0,1,0,0,0,0,1,0,0,Classical
0,1,0,0,0,0,0,1,0,0,0,0,0,0,0,0,0.177,0.127,8,-19.167,1,0.0394,0.903,0.901,0.114,0.0612,0,0,0,0,0,0,0,0,0,0,0,1,0,0,1,0,Classical
0,0,0,0,0,1,0,0,0,0,0,0,0,0,0,1,0.367,0.316,9,-14.49,0,0.0429,0.927,0.779,0.113,0.242,1,0,0,0,0,0,0,0,0,0,0,0,0,0,1,0,Classical
1,0,0,0,0,0,0,0,0,0,0,0,0,0,0,1,0.356,0.152,4,-20.155,1,0.0406,0.981,0.903,0.0807,0.04,0,0,0,0,0,0,0,1,0,0,0,0,0,0,1,0,Classical
0,0,0,0,1,0,0,0,0,0,0,0,0,0,0,1,0.166,0.0363,11,-26.822,1,0.0381,0.978,0.922,0.0882,0.039,0,0,1,0,0,0,0,0,0,0,0,0,0,0,1,0,Classical
0,0,0,0,1,0,0,0,1,0,0,0,0,0,0,0,0.144,0.0868,8,-23.338,1,0.0387,0.891,0.904,0.177,0.0737,0,0,0,0,0,0,0,0,0,0,0,1,0,1,0,0,Classical
0,0,0,0,1,0,0,0,0,0,0,0,0,0,0,1,0.0754,0.0102,4,-35.69,1,0.0464,0.901,0.106,0.0817,0.0331,0,0,0,0,0,0,0,1,0,0,0,0,0,0,1,0,Classical
0,0,0,0,0,1,0,0,0,0,0,0,0,0,0,1,0.463,0.162,7,-24.484,0,0.045,0.963,0.825,0.0943,0.374,0,0,0,0,0,0,0,0,0,0,1,0,0,0,1,0,Classical
0,0,0,1,0,0,0,0,0,0,0,0,0,0,1,0,0.244,0.0325,8,-23.379,1,0.0457,0.992,0.879,0.108,0.0406,0,0,0,0,0,0,0,0,0,0,0,1,0,1,0,0,Classical
0,1,0,0,0,0,0,1,0,0,0,0,0,0,0,0,0.253,0.177,7,-19.525,1,0.0346,0.894,0.573,0.668,0.242,0,0,0,0,0,0,0,0,0,0,1,0,0,0,1,0,Classical
0,0,0,0,0,1,0,0,0,0,0,0,0,0,0,1,0.156,0.162,2,-17.101,0,0.036,0.897,0.691,0.111,0.077,0,0,0,0,0,1,0,0,0,0,0,0,0,0,1,0,Classical
0,0,0,0,0,0,1,0,0,0,1,0,0,0,0,0,0.37,0.286,5,-16.0,1,0.229,0.868,5.68e-05,0.32,0.187,0,0,0,0,0,0,0,0,1,0,0,0,0,0,1,0,Classical
0,0,0,0,0,1,0,0,0,0,0,0,0,0,0,1,0.24,0.0648,4,-25.208,0,0.0426,0.935,0.0272,0.258,0.0771,0,0,0,0,0,0,0,1,0,0,0,0,0,1,0,0,Classical
0,1,0,0,0,0,0,0,0,0,0,0,0,0,1,0,0.186,0.124,1,-15.271,1,0.0434,0.978,0.865,0.111,0.248,0,0,0,0,1,0,0,0,0,0,0,0,0,0,1,0,Classical
0,0,1,0,0,0,0,0,0,0,0,0,0,0,0,1,0.203,0.112,11,-18.029,0,0.0418,0.936,0.935,0.126,0.0374,0,0,1,0,0,0,0,0,0,0,0,0,0,0,1,0,Classical
0,0,0,0,0,0,1,0,0,0,0,0,0,0,0,1,0.154,0.00261,1,-36.267,1,0.0419,0.89,0.763,0.125,0.0366,0,0,0,0,1,0,0,0,0,0,0,0,0,0,1,0,Classical
0,0,0,1,0,0,0,0,0,0,0,0,0,1,0,0,0.364,0.0592,2,-21.757,1,0.057,0.978,0.0,0.0823,0.185,0,0,0,0,0,1,0,0,0,0,0,0,0,0,1,0,Classical
0,1,0,0,0,0,0,0,0,0,0,0,0,0,0,1,0.169,0.0974,3,-21.414,1,0.042,0.864,0.632,0.087,0.0524,0,0,0,0,0,0,1,0,0,0,0,0,0,0,0,1,Classical
0,0,0,0,1,0,0,0,1,0,0,0,0,0,0,0,0.231,0.133,2,-20.274,1,0.0437,0.963,0.659,0.135,0.0564,0,0,0,0,0,1,0,0,0,0,0,0,0,0,1,0,Classical
0,1,0,0,0,0,0,0,0,0,0,0,0,0,1,0,0.411,0.0487,10,-25.68,1,0.0383,0.985,0.918,0.0944,0.101,0,1,0,0,0,0,0,0,0,0,0,0,1,0,0,0,Classical
0,0,0,0,0,1,0,0,0,0,0,0,0,0,0,1,0.359,0.046,6,-18.725,0,0.0407,0.901,0.118,0.277,0.263,0,0,0,0,0,0,0,0,0,1,0,0,0,0,1,0,Classical
