Shape_['0'],"Shape_['1', '#']","Shape_['1', '0']","Shape_['1', 'b', '#']","Shape_['1', 'b', '0']","Shape_['1', 'b']",Shape_['1'],"Shape_['b', '0']",Color_['#'],"Color_['0', '#']",Color_['0'],"Color_['b', '#']","Color_['b', '0']",Color_['b'],Color_[],danceability,energy,key,loudness,mode,speechiness,acousticness,instrumentalness,liveness,valence,A,A#/Bb,B,C,C#/Db,D,D#/Eb,E,F,F#/Gb,G,G#/Ab,4,Genre
0,0,0,0,1,0,0,0,0,0,0,0,0,0,1,0.714,0.873,2,-6.223,1,0.0658,0.152,0.868,0.0848,0.516,0,0,0,0,0,1,0,0,0,0,0,0,1,detroit_techo
0,0,0,0,0,1,0,0,1,0,0,0,0,0,0,0.645,0.877,7,-10.616,1,0.0456,0.00657,0.858,0.127,0.473,0,0,0,0,0,0,0,0,0,0,1,0,1,detroit_techo
0,0,0,0,0,1,0,0,0,0,1,0,0,0,0,0.517,0.73,2,-13.215,1,0.071,0.00047,0.711,0.131,0.395,0,0,0,0,0,1,0,0,0,0,0,0,1,detroit_techo
0,0,1,0,0,0,0,0,0,0,0,0,0,0,1,0.815,0.396,1,-16.94,1,0.176,0.215,0.886,0.108,0.28,0,0,0,0,1,0,0,0,0,0,0,0,1,detroit_techo
0,0,0,0,0,0,0,1,0,0,0,0,0,0,1,0.802,0.327,6,-19.409,0,0.0943,0.078,0.914,0.103,0.507,0,0,0,0,0,0,0,0,0,1,0,0,1,detroit_techo
0,0,0,0,0,0,0,1,0,0,0,0,0,0,1,0.694,0.578,8,-11.106,0,0.0438,0.0156,0.834,0.129,0.29,0,0,0,0,0,0,0,0,0,0,0,1,1,detroit_techo
0,0,1,0,0,0,0,0,0,0,0,0,0,0,1,0.466,0.558,6,-15.972,1,0.0464,0.00765,0.728,0.101,0.0357,0,0,0,0,0,0,0,0,0,1,0,0,1,detroit_techo
0,0,1,0,0,0,0,0,0,0,0,0,0,0,1,0.568,0.414,1,-14.194,1,0.0908,0.18,0.903,0.116,0.196,0,0,0,0,1,0,0,0,0,0,0,0,1,detroit_techo
0,0,0,0,0,0,0,1,0,0,0,0,0,0,1,0.654,0.717,0,-12.9,0,0.0726,0.0309,0.939,0.095,0.159,0,0,0,1,0,0,0,0,0,0,0,0,1,detroit_techo
1,0,0,0,0,0,0,0,0,0,0,0,0,1,0,0.622,0.814,10,-9.977,0,0.0633,0.00287,0.933,0.13,0.216,0,1,0,0,0,0,0,0,0,0,0,0,1,detroit_techo
0,0,0,0,0,0,0,1,0,0,0,0,0,0,1,0.765,0.94,10,-10.847,0,0.129,0.0667,0.94,0.0762,0.061,0,1,0,0,0,0,0,0,0,0,0,0,1,detroit_techo
0,1,0,0,0,0,0,0,0,0,0,0,1,0,0,0.761,0.879,7,-15.683,1,0.1,0.449,0.911,0.101,0.0358,0,0,0,0,0,0,0,0,0,0,1,0,1,detroit_techo
0,0,0,0,0,1,0,0,0,1,0,0,0,0,0,0.631,0.623,7,-19.873,1,0.0585,0.0281,0.951,0.111,0.169,0,0,0,0,0,0,0,0,0,0,1,0,1,detroit_techo
0,0,1,0,0,0,0,0,0,0,0,0,0,1,0,0.711,0.937,2,-7.809,1,0.0587,0.000287,0.945,0.121,0.966,0,0,0,0,0,1,0,0,0,0,0,0,1,detroit_techo
0,0,0,0,0,0,0,1,0,0,0,0,0,0,1,0.597,0.585,0,-12.246,0,0.0348,0.395,0.883,0.054,0.623,0,0,0,1,0,0,0,0,0,0,0,0,1,detroit_techo
0,0,0,0,0,0,0,1,0,0,0,0,0,0,1,0.682,0.807,3,-11.564,0,0.335,0.000292,0.00106,0.0392,0.804,0,0,0,0,0,0,1,0,0,0,0,0,1,detroit_techo
1,0,0,0,0,0,0,0,0,0,0,0,0,1,0,0.555,0.683,11,-18.537,0,0.0394,0.00223,0.927,0.112,0.674,0,0,1,0,0,0,0,0,0,0,0,0,1,detroit_techo
0,0,0,0,0,1,0,0,0,0,1,0,0,0,0,0.73,0.82,11,-13.962,1,0.0589,0.35,0.914,0.209,0.57,0,0,1,0,0,0,0,0,0,0,0,0,1,detroit_techo
1,0,0,0,0,0,0,0,0,0,0,0,0,1,0,0.717,0.506,9,-18.153,0,0.0572,0.756,0.89,0.0866,0.802,1,0,0,0,0,0,0,0,0,0,0,0,1,detroit_techo
0,0,1,0,0,0,0,0,0,0,0,0,0,0,1,0.79,0.242,9,-20.654,1,0.179,0.000191,0.922,0.111,0.122,1,0,0,0,0,0,0,0,0,0,0,0,1,detroit_techo
1,0,0,0,0,0,0,0,0,0,0,0,0,1,0,0.552,0.767,0,-14.412,0,0.0343,0.00909,0.82,0.118,0.617,0,0,0,1,0,0,0,0,0,0,0,0,1,detroit_techo
0,0,1,0,0,0,0,0,0,0,0,0,0,0,1,0.771,0.944,6,-10.918,1,0.0691,0.236,0.843,0.0917,0.171,0,0,0,0,0,0,0,0,0,1,0,0,1,detroit_techo
0,0,0,0,0,0,0,1,0,0,0,0,0,0,1,0.744,0.635,9,-18.253,0,0.104,0.0232,0.882,0.199,0.643,1,0,0,0,0,0,0,0,0,0,0,0,1,detroit_techo
0,0,0,0,0,0,0,1,0,0,0,0,0,0,1,0.533,0.636,3,-17.439,0,0.0356,0.535,0.908,0.161,0.65,0,0,0,0,0,0,1,0,0,0,0,0,1,detroit_techo
1,0,0,0,0,0,0,0,0,0,0,0,0,1,0,0.79,0.714,5,-14.27,0,0.0682,0.126,0.848,0.109,0.417,0,0,0,0,0,0,0,0,1,0,0,0,1,detroit_techo
0,0,0,0,0,0,0,1,0,0,0,0,0,0,1,0.795,0.922,10,-7.484,0,0.0647,0.0185,0.895,0.0998,0.0389,0,1,0,0,0,0,0,0,0,0,0,0,1,detroit_techo
0,0,0,0,0,0,0,1,0,0,0,0,0,0,1,0.699,0.762,10,-13.598,0,0.0663,0.000766,0.933,0.115,0.245,0,1,0,0,0,0,0,0,0,0,0,0,1,detroit_techo
0,0,0,0,0,0,0,1,0,0,0,0,0,0,1,0.744,0.706,10,-15.015,0,0.0874,0.0493,0.959,0.0957,0.351,0,1,0,0,0,0,0,0,0,0,0,0,1,detroit_techo
0,0,0,0,0,1,0,0,0,0,0,0,0,0,1,0.783,0.711,0,-10.758,1,0.063,1.42e-05,0.902,0.0935,0.627,0,0,0,1,0,0,0,0,0,0,0,0,1,detroit_techo
0,0,0,0,0,0,1,0,0,0,0,0,0,0,1,0.763,0.88,1,-8.743,1,0.0478,0.0241,0.931,0.2,0.0531,0,0,0,0,1,0,0,0,0,0,0,0,1,detroit_techo
0,0,1,0,0,0,0,0,0,0,0,0,0,0,1,0.833,0.909,0,-8.907,1,0.0463,0.523,0.857,0.0735,0.214,0,0,0,1,0,0,0,0,0,0,0,0,1,detroit_techo
0,0,0,0,0,0,0,1,0,0,0,0,0,0,1,0.717,0.904,5,-7.518,0,0.0608,0.0982,0.011,0.0885,0.481,0,0,0,0,0,0,0,0,1,0,0,0,1,detroit_techo
0,0,0,0,0,0,0,1,0,0,0,0,0,0,1,0.724,0.893,1,-9.826,0,0.0624,0.00642,0.893,0.196,0.962,0,0,0,0,1,0,0,0,0,0,0,0,1,detroit_techo
0,0,1,0,0,0,0,0,0,0,0,1,0,0,0,0.669,0.508,1,-9.784,1,0.0326,0.0131,0.526,0.0811,0.366,0,0,0,0,1,0,0,0,0,0,0,0,1,detroit_techo
0,0,0,0,1,0,0,0,1,0,0,0,0,0,0,0.775,0.852,6,-10.727,1,0.0718,0.00054,0.877,0.107,0.128,0,0,0,0,0,0,0,0,0,1,0,0,1,detroit_techo
0,1,0,0,0,0,0,0,0,0,1,0,0,0,0,0.721,0.883,1,-12.631,1,0.034,0.0207,0.875,0.0855,0.586,0,0,0,0,1,0,0,0,0,0,0,0,1,detroit_techo
0,0,0,0,0,0,0,1,0,0,0,0,0,0,1,0.91,0.653,5,-10.356,0,0.467,0.0211,1.17e-06,0.321,0.34,0,0,0,0,0,0,0,0,1,0,0,0,1,detroit_techo
0,0,0,0,0,0,1,0,0,0,0,0,0,0,1,0.727,0.811,8,-12.109,1,0.0403,0.0028,0.106,0.0324,0.468,0,0,0,0,0,0,0,0,0,0,0,1,1,detroit_techo
0,0,0,0,0,1,0,0,0,0,0,0,0,0,1,0.787,0.906,7,-7.444,1,0.0539,0.000124,0.915,0.15,0.473,0,0,0,0,0,0,0,0,0,0,1,0,1,detroit_techo
0,0,0,0,0,1,0,0,1,0,0,0,0,0,0,0.72,0.583,8,-8.333,1,0.0409,0.000766,0.649,0.354,0.403,0,0,0,0,0,0,0,0,0,0,0,1,1,detroit_techo
0,0,1,0,0,0,0,0,0,0,0,0,0,0,1,0.674,0.724,7,-8.373,1,0.0556,0.00198,0.83,0.153,0.388,0,0,0,0,0,0,0,0,0,0,1,0,1,detroit_techo
0,0,0,0,0,0,0,1,0,0,0,0,0,0,1,0.793,0.608,6,-11.638,0,0.0673,0.588,0.861,0.0991,0.118,0,0,0,0,0,0,0,0,0,1,0,0,1,detroit_techo
0,0,1,0,0,0,0,0,0,0,0,0,0,1,0,0.738,0.747,1,-16.897,1,0.069,0.0397,0.919,0.351,0.644,0,0,0,0,1,0,0,0,0,0,0,0,1,detroit_techo
0,0,0,0,1,0,0,0,1,0,0,0,0,0,0,0.757,0.972,0,-8.933,1,0.0715,0.0765,0.873,0.0903,0.711,0,0,0,1,0,0,0,0,0,0,0,0,1,detroit_techo
0,0,0,0,0,0,0,1,0,0,0,0,0,0,1,0.399,0.42,5,-20.592,0,0.0509,0.0102,0.917,0.0985,0.0753,0,0,0,0,0,0,0,0,1,0,0,0,1,detroit_techo
0,0,0,0,1,0,0,0,0,0,0,0,0,0,1,0.78,0.858,6,-10.548,1,0.0722,0.00047,0.903,0.104,0.141,0,0,0,0,0,0,0,0,0,1,0,0,1,detroit_techo
0,0,0,0,0,0,0,1,0,0,0,0,0,0,1,0.763,0.811,5,-8.941,0,0.0544,0.262,0.00057,0.0823,0.486,0,0,0,0,0,0,0,0,1,0,0,0,1,detroit_techo
1,0,0,0,0,0,0,0,0,0,0,0,0,0,1,0.716,0.783,4,-12.876,0,0.0496,0.172,0.0346,0.0327,0.952,0,0,0,0,0,0,0,1,0,0,0,0,1,detroit_techo
0,0,0,0,1,0,0,0,0,0,0,0,0,0,1,0.62,0.861,6,-12.461,1,0.0765,0.0247,0.845,0.171,0.76,0,0,0,0,0,0,0,0,0,1,0,0,1,detroit_techo
0,0,0,0,1,0,0,0,0,0,0,0,0,0,1,0.593,0.927,11,-9.505,0,0.0584,0.0864,0.92,0.0699,0.638,0,0,1,0,0,0,0,0,0,0,0,0,1,detroit_techo
0,0,0,0,0,1,0,0,1,0,0,0,0,0,0,0.706,0.569,7,-15.199,1,0.0418,0.00119,0.861,0.112,0.0889,0,0,0,0,0,0,0,0,0,0,1,0,1,detroit_techo
0,0,0,0,0,0,0,1,0,0,0,0,0,0,1,0.656,0.832,4,-9.604,0,0.0447,0.000567,0.841,0.0687,0.34,0,0,0,0,0,0,0,1,0,0,0,0,1,detroit_techo
0,0,0,0,0,0,0,1,0,0,0,0,0,0,1,0.639,0.81,10,-10.38,0,0.051,0.0833,0.827,0.112,0.316,0,1,0,0,0,0,0,0,0,0,0,0,1,detroit_techo
0,0,0,1,0,0,0,0,0,0,0,0,0,0,1,0.689,0.798,7,-11.277,1,0.0367,0.00767,0.905,0.103,0.306,0,0,0,0,0,0,0,0,0,0,1,0,1,detroit_techo
0,0,0,0,1,0,0,0,1,0,0,0,0,0,0,0.737,0.776,1,-13.456,1,0.0554,0.0479,0.878,0.101,0.109,0,0,0,0,1,0,0,0,0,0,0,0,1,detroit_techo
1,0,0,0,0,0,0,0,0,0,0,0,0,1,0,0.641,0.894,10,-11.092,0,0.0396,0.000433,0.885,0.409,0.685,0,1,0,0,0,0,0,0,0,0,0,0,1,detroit_techo
0,1,0,0,0,0,0,0,0,0,1,0,0,0,0,0.714,0.563,7,-16.727,1,0.0753,0.00444,0.753,0.103,0.355,0,0,0,0,0,0,0,0,0,0,1,0,1,detroit_techo
0,0,0,0,0,0,0,1,0,0,0,0,0,0,1,0.721,0.865,9,-7.673,0,0.0591,0.371,0.929,0.0941,0.745,1,0,0,0,0,0,0,0,0,0,0,0,1,detroit_techo
0,0,0,0,1,0,0,0,1,0,0,0,0,0,0,0.661,0.916,9,-10.68,1,0.0597,0.0353,0.85,0.475,0.523,1,0,0,0,0,0,0,0,0,0,0,0,1,detroit_techo
0,0,0,0,0,1,0,0,0,0,1,0,0,0,0,0.67,0.615,1,-8.351,1,0.196,0.00183,0.86,0.101,0.3,0,0,0,0,1,0,0,0,0,0,0,0,1,detroit_techo
