"Shape_['0', '1', '#']",Shape_['0'],"Shape_['1', '0']",Shape_['1'],"Shape_['b', '0']","Shape_['b', '1', '#']","Shape_['b', '1', '0']","Shape_['b', '1']",Color_['#'],"Color_['0', 'b']",Color_['0'],Color_['1'],"Color_['b', '0']",Color_['b'],Color_[],danceability,energy,key,loudness,mode,speechiness,acousticness,instrumentalness,liveness,valence,A,A#/Bb,B,C,C#/Db,D,D#/Eb,E,F,F#/Gb,G,G#/Ab,4,Genre
0,0,0,0,1,0,0,0,0,0,0,0,0,0,1,0.728,0.791,1,-7.324,0,0.0248,0.0261,0.000939,0.0811,0.896,0,0,0,0,1,0,0,0,0,0,0,0,1,disco
0,0,0,0,0,0,1,0,0,0,0,0,0,0,1,0.698,0.473,2,-16.583,1,0.0423,0.0111,0.808,0.092,0.179,0,0,0,0,0,1,0,0,0,0,0,0,1,disco
0,0,1,0,0,0,0,0,0,0,0,0,0,1,0,0.766,0.844,10,-3.851,1,0.0361,0.0261,0.605,0.18,0.835,0,1,0,0,0,0,0,0,0,0,0,0,1,disco
0,0,0,1,0,0,0,0,0,0,1,0,0,0,0,0.867,0.746,7,-7.445,1,0.0475,0.0453,0.0,0.123,0.933,0,0,0,0,0,0,0,0,0,0,1,0,1,disco
0,0,1,0,0,0,0,0,1,0,0,0,0,0,0,0.79,0.86,8,-6.914,1,0.0863,0.279,3.4e-05,0.229,0.845,0,0,0,0,0,0,0,0,0,0,0,1,1,disco
0,0,0,0,1,0,0,0,0,0,0,0,0,0,1,0.675,0.899,10,-6.124,0,0.0418,0.0696,0.000139,0.33,0.91,0,1,0,0,0,0,0,0,0,0,0,0,1,disco
0,0,0,0,1,0,0,0,0,0,0,0,0,0,1,0.679,0.815,5,-12.347,0,0.0348,0.179,0.00056,0.349,0.93,0,0,0,0,0,0,0,0,1,0,0,0,1,disco
0,0,0,0,1,0,0,0,0,0,0,0,0,0,1,0.546,0.656,0,-11.521,0,0.0649,0.198,1.79e-06,0.0813,0.794,0,0,0,1,0,0,0,0,0,0,0,0,1,disco
0,0,1,0,0,0,0,0,0,0,0,0,0,0,1,0.53,0.829,3,-6.741,1,0.0558,0.273,0.000255,0.354,0.285,0,0,0,0,0,0,1,0,0,0,0,0,1,disco
0,0,1,0,0,0,0,0,0,0,0,0,0,0,1,0.87,0.657,2,-7.32,1,0.0522,0.149,0.0102,0.053,0.893,0,0,0,0,0,1,0,0,0,0,0,0,1,disco
0,0,0,0,1,0,0,0,0,0,0,0,0,0,1,0.7,0.816,7,-9.711,0,0.044,0.00115,0.00123,0.0901,0.838,0,0,0,0,0,0,0,0,0,0,1,0,1,disco
0,0,0,1,0,0,0,0,0,0,0,0,1,0,0,0.74,0.605,5,-10.924,1,0.0539,0.202,0.000107,0.0515,0.779,0,0,0,0,0,0,0,0,1,0,0,0,1,disco
0,0,0,1,0,0,0,0,0,0,1,0,0,0,0,0.693,0.825,9,-7.308,1,0.0301,0.162,0.00144,0.251,0.981,1,0,0,0,0,0,0,0,0,0,0,0,1,disco
0,0,0,1,0,0,0,0,0,1,0,0,0,0,0,0.808,0.881,0,-8.249,1,0.0338,0.00513,0.0127,0.0688,0.963,0,0,0,1,0,0,0,0,0,0,0,0,1,disco
0,0,0,1,0,0,0,0,0,0,0,0,0,0,1,0.704,0.867,2,-5.808,1,0.0315,0.0846,0.0,0.206,0.809,0,0,0,0,0,1,0,0,0,0,0,0,1,disco
0,0,0,0,1,0,0,0,0,0,0,1,0,0,0,0.854,0.796,11,-5.567,0,0.0399,0.0542,0.00184,0.151,0.946,0,0,1,0,0,0,0,0,0,0,0,0,1,disco
0,0,0,0,1,0,0,0,0,0,0,0,0,0,1,0.673,0.752,9,-7.978,0,0.0491,0.00309,0.0,0.112,0.576,1,0,0,0,0,0,0,0,0,0,0,0,1,disco
0,0,1,0,0,0,0,0,0,0,0,0,0,1,0,0.629,0.915,4,-4.181,1,0.0729,0.157,0.0,0.142,0.757,0,0,0,0,0,0,0,1,0,0,0,0,1,disco
0,0,1,0,0,0,0,0,0,0,0,0,0,1,0,0.627,0.724,10,-15.294,1,0.0327,0.109,0.43,0.073,0.963,0,1,0,0,0,0,0,0,0,0,0,0,1,disco
0,0,1,0,0,0,0,0,0,0,0,0,0,0,1,0.689,0.805,2,-11.199,1,0.0429,0.0019,8.23e-05,0.0683,0.914,0,0,0,0,0,1,0,0,0,0,0,0,1,disco
0,0,0,0,0,1,0,0,0,0,1,0,0,0,0,0.906,0.63,0,-8.071,1,0.0575,0.000547,0.616,0.0994,0.342,0,0,0,1,0,0,0,0,0,0,0,0,1,disco
0,0,1,0,0,0,0,0,0,0,0,0,0,0,1,0.703,0.92,0,-4.959,1,0.0358,0.179,0.000201,0.214,0.856,0,0,0,1,0,0,0,0,0,0,0,0,1,disco
0,0,0,0,1,0,0,0,0,0,0,0,0,0,1,0.589,0.733,5,-8.809,0,0.0399,0.106,0.00328,0.111,0.913,0,0,0,0,0,0,0,0,1,0,0,0,1,disco
0,0,1,0,0,0,0,0,0,0,0,0,0,0,1,0.785,0.885,1,-5.626,1,0.061,0.0393,0.00473,0.0673,0.955,0,0,0,0,1,0,0,0,0,0,0,0,1,disco
0,0,1,0,0,0,0,0,0,0,0,0,0,0,1,0.661,0.629,9,-7.797,1,0.043,0.00662,0.0164,0.0459,0.69,1,0,0,0,0,0,0,0,0,0,0,0,1,disco
0,0,1,0,0,0,0,0,0,0,0,0,0,0,1,0.605,0.726,3,-6.672,1,0.0657,0.224,0.0,0.138,0.858,0,0,0,0,0,0,1,0,0,0,0,0,1,disco
0,0,0,0,1,0,0,0,0,0,0,1,0,0,0,0.877,0.557,11,-10.79,0,0.0723,0.0628,0.0023,0.145,0.88,0,0,1,0,0,0,0,0,0,0,0,0,1,disco
0,0,0,1,0,0,0,0,0,0,0,0,0,0,1,0.882,0.94,11,-4.235,1,0.0797,0.0675,0.0262,0.115,0.92,0,0,1,0,0,0,0,0,0,0,0,0,1,disco
0,0,1,0,0,0,0,0,0,0,0,0,0,0,1,0.694,0.968,6,-3.803,1,0.155,0.0296,0.0,0.0493,0.73,0,0,0,0,0,0,0,0,0,1,0,0,1,disco
0,0,0,1,0,0,0,0,0,0,0,0,1,0,0,0.692,0.824,5,-13.09,1,0.0405,0.0904,0.753,0.106,0.961,0,0,0,0,0,0,0,0,1,0,0,0,1,disco
0,0,0,0,1,0,0,0,0,0,0,0,0,0,1,0.721,0.885,5,-7.135,0,0.0663,0.299,0.000174,0.701,0.665,0,0,0,0,0,0,0,0,1,0,0,0,1,disco
0,0,1,0,0,0,0,0,0,0,0,0,0,0,1,0.669,0.754,10,-12.223,1,0.0279,0.134,0.0069,0.46,0.906,0,1,0,0,0,0,0,0,0,0,0,0,1,disco
0,0,0,0,1,0,0,0,0,0,0,0,0,0,1,0.866,0.74,9,-7.386,0,0.0616,0.0639,0.0,0.0405,0.961,1,0,0,0,0,0,0,0,0,0,0,0,1,disco
0,0,0,0,0,0,1,0,0,0,0,0,0,0,1,0.764,0.816,5,-8.017,1,0.109,0.0378,0.0164,0.0775,0.85,0,0,0,0,0,0,0,0,1,0,0,0,1,disco
0,0,0,0,1,0,0,0,0,0,0,0,0,0,1,0.907,0.562,2,-13.568,0,0.0495,0.00971,0.0386,0.0344,0.964,0,0,0,0,0,1,0,0,0,0,0,0,1,disco
0,0,0,1,0,0,0,0,0,0,0,0,1,0,0,0.701,0.807,0,-9.035,1,0.0661,0.0458,0.0,0.123,0.767,0,0,0,1,0,0,0,0,0,0,0,0,1,disco
0,0,1,0,0,0,0,0,0,0,0,0,0,0,1,0.581,0.816,1,-12.466,1,0.0394,0.157,0.184,0.0902,0.932,0,0,0,0,1,0,0,0,0,0,0,0,1,disco
0,0,0,1,0,0,0,0,0,0,0,0,0,0,1,0.72,0.823,0,-7.634,1,0.0268,0.0644,0.00948,0.361,0.854,0,0,0,1,0,0,0,0,0,0,0,0,1,disco
0,0,1,0,0,0,0,0,0,0,0,0,0,0,1,0.452,0.754,2,-8.347,1,0.0746,0.113,0.0,0.151,0.507,0,0,0,0,0,1,0,0,0,0,0,0,1,disco
0,0,0,1,0,0,0,0,0,0,0,0,0,1,0,0.684,0.714,2,-11.001,1,0.0495,0.201,0.0,0.0727,0.763,0,0,0,0,0,1,0,0,0,0,0,0,1,disco
0,0,0,1,0,0,0,0,0,0,0,0,0,0,1,0.609,0.869,0,-6.997,1,0.0445,0.362,0.0,0.301,0.824,0,0,0,1,0,0,0,0,0,0,0,0,1,disco
0,0,1,0,0,0,0,0,0,0,0,0,0,0,1,0.866,0.721,0,-9.233,1,0.0386,0.0927,0.0169,0.055,0.911,0,0,0,1,0,0,0,0,0,0,0,0,1,disco
0,0,0,0,1,0,0,0,0,0,0,0,0,0,1,0.642,0.849,10,-9.829,0,0.04,0.00402,0.627,0.25,0.767,0,1,0,0,0,0,0,0,0,0,0,0,1,disco
0,0,1,0,0,0,0,0,0,0,0,0,0,0,1,0.782,0.601,5,-11.234,1,0.0526,0.00356,0.00561,0.0466,0.842,0,0,0,0,0,0,0,0,1,0,0,0,1,disco
0,0,0,0,0,0,0,1,0,0,1,0,0,0,0,0.851,0.662,11,-7.518,1,0.201,0.047,2.76e-05,0.148,0.875,0,0,1,0,0,0,0,0,0,0,0,0,1,disco
0,0,1,0,0,0,0,0,0,0,0,0,0,1,0,0.663,0.792,0,-5.476,1,0.0311,0.517,0.000139,0.111,0.847,0,0,0,1,0,0,0,0,0,0,0,0,1,disco
0,0,1,0,0,0,0,0,0,0,0,0,0,0,1,0.803,0.627,6,-6.1,1,0.0356,0.0189,0.000114,0.397,0.632,0,0,0,0,0,0,0,0,0,1,0,0,1,disco
0,0,1,0,0,0,0,0,0,0,0,0,0,0,1,0.655,0.762,0,-8.891,1,0.0317,0.000444,0.0,0.158,0.961,0,0,0,1,0,0,0,0,0,0,0,0,1,disco
0,0,0,0,0,0,1,0,0,0,0,0,0,0,1,0.925,0.589,11,-4.948,0,0.0413,0.0192,0.00938,0.0398,0.819,0,0,1,0,0,0,0,0,0,0,0,0,1,disco
0,0,1,0,0,0,0,0,0,0,0,0,0,0,1,0.828,0.716,0,-6.418,1,0.0621,0.0351,0.000156,0.342,0.848,0,0,0,1,0,0,0,0,0,0,0,0,1,disco
0,0,0,1,0,0,0,0,0,0,0,0,0,1,0,0.726,0.802,5,-10.006,1,0.0609,0.000702,0.0275,0.059,0.803,0,0,0,0,0,0,0,0,1,0,0,0,1,disco
0,0,1,0,0,0,0,0,0,0,0,0,0,0,1,0.847,0.733,7,-8.955,1,0.0611,0.0424,0.00302,0.0334,0.608,0,0,0,0,0,0,0,0,0,0,1,0,1,disco
0,1,0,0,0,0,0,0,0,0,0,0,0,0,1,0.649,0.7,5,-8.43,0,0.0312,0.167,6.86e-05,0.382,0.972,0,0,0,0,0,0,0,0,1,0,0,0,1,disco
0,0,0,0,1,0,0,0,0,0,0,0,0,0,1,0.844,0.649,10,-8.737,0,0.259,0.178,0.0,0.233,0.854,0,1,0,0,0,0,0,0,0,0,0,0,1,disco
0,0,0,0,0,0,0,1,0,0,0,0,0,0,1,0.472,0.679,0,-9.961,1,0.0623,0.403,1.02e-06,0.109,0.544,0,0,0,1,0,0,0,0,0,0,0,0,1,disco
0,0,0,0,1,0,0,0,0,0,0,0,0,0,1,0.714,0.665,11,-10.948,0,0.0381,0.00588,0.131,0.0655,0.805,0,0,1,0,0,0,0,0,0,0,0,0,1,disco
0,0,0,0,1,0,0,0,0,0,0,0,0,0,1,0.896,0.339,11,-9.576,0,0.0884,0.0183,0.552,0.0311,0.389,0,0,1,0,0,0,0,0,0,0,0,0,1,disco
0,0,0,0,1,0,0,0,0,0,0,1,0,0,0,0.718,0.676,11,-11.633,0,0.0318,0.153,0.0306,0.0706,0.943,0,0,1,0,0,0,0,0,0,0,0,0,1,disco
0,1,0,0,0,0,0,0,0,0,0,0,0,1,0,0.658,0.777,7,-8.647,0,0.0431,0.0748,0.875,0.124,0.975,0,0,0,0,0,0,0,0,0,0,1,0,1,disco
0,0,1,0,0,0,0,0,0,0,0,0,0,1,0,0.775,0.726,11,-6.731,1,0.0495,0.0529,0.000407,0.095,0.943,0,0,1,0,0,0,0,0,0,0,0,0,1,disco
0,1,0,0,0,0,0,0,0,0,0,0,0,1,0,0.643,0.862,0,-7.009,0,0.0461,0.0557,6.42e-05,0.23,0.928,0,0,0,1,0,0,0,0,0,0,0,0,1,disco
0,0,0,0,1,0,0,0,0,0,0,0,0,0,1,0.739,0.737,6,-10.001,0,0.0312,0.0445,0.174,0.148,0.7,0,0,0,0,0,0,0,0,0,1,0,0,1,disco
0,1,0,0,0,0,0,0,0,0,0,0,0,1,0,0.736,0.606,4,-8.098,0,0.0431,0.00837,0.0125,0.0898,0.622,0,0,0,0,0,0,0,1,0,0,0,0,1,disco
0,0,0,0,0,0,1,0,0,0,0,0,0,0,1,0.806,0.706,0,-6.044,1,0.0909,0.028,0.0,0.07,0.608,0,0,0,1,0,0,0,0,0,0,0,0,1,disco
0,0,0,0,1,0,0,0,0,0,0,0,0,0,1,0.74,0.662,11,-14.233,0,0.0505,0.0324,0.092,0.0603,0.93,0,0,1,0,0,0,0,0,0,0,0,0,1,disco
0,0,1,0,0,0,0,0,0,0,0,0,0,1,0,0.533,0.908,0,-8.688,1,0.13,0.0324,2.13e-05,0.0732,0.559,0,0,0,1,0,0,0,0,0,0,0,0,1,disco
1,0,0,0,0,0,0,0,0,0,0,0,0,0,1,0.739,0.829,0,-5.337,1,0.0346,0.00852,0.674,0.285,0.927,0,0,0,1,0,0,0,0,0,0,0,0,1,disco
0,0,0,0,1,0,0,0,0,0,0,0,0,0,1,0.686,0.791,5,-11.709,0,0.0398,0.192,0.958,0.0844,0.966,0,0,0,0,0,0,0,0,1,0,0,0,1,disco
0,0,0,0,1,0,0,0,0,0,0,0,0,0,1,0.808,0.708,10,-7.601,0,0.0612,4.2e-05,0.849,0.0395,0.723,0,1,0,0,0,0,0,0,0,0,0,0,1,disco
0,0,0,0,1,0,0,0,0,0,0,0,0,0,1,0.868,0.717,4,-8.533,0,0.0613,0.0265,0.011,0.0835,0.903,0,0,0,0,0,0,0,1,0,0,0,0,1,disco
0,0,0,0,1,0,0,0,0,0,0,0,0,0,1,0.662,0.941,6,-4.05,0,0.0883,0.327,0.0,0.218,0.798,0,0,0,0,0,0,0,0,0,1,0,0,1,disco
0,0,0,0,1,0,0,0,0,0,0,0,0,0,1,0.707,0.854,7,-8.231,0,0.0286,0.149,0.116,0.0987,0.96,0,0,0,0,0,0,0,0,0,0,1,0,1,disco
0,0,0,0,1,0,0,0,0,0,0,0,0,0,1,0.333,0.422,5,-15.171,0,0.0527,0.716,4.13e-05,0.0455,0.553,0,0,0,0,0,0,0,0,1,0,0,0,1,disco
0,0,0,0,1,0,0,0,0,0,0,0,0,0,1,0.503,0.89,9,-8.988,0,0.146,0.0211,0.0011,0.541,0.383,1,0,0,0,0,0,0,0,0,0,0,0,1,disco
0,0,1,0,0,0,0,0,0,0,0,0,0,0,1,0.773,0.525,9,-10.854,1,0.252,0.223,0.0002,0.0536,0.743,1,0,0,0,0,0,0,0,0,0,0,0,1,disco
0,0,0,0,0,0,1,0,0,0,0,0,0,0,1,0.79,0.727,11,-7.342,0,0.0823,0.0131,0.0,0.0666,0.736,0,0,1,0,0,0,0,0,0,0,0,0,1,disco
0,0,1,0,0,0,0,0,0,0,0,0,0,0,1,0.521,0.786,10,-10.207,1,0.0813,0.0911,0.0,0.343,0.692,0,1,0,0,0,0,0,0,0,0,0,0,1,disco
0,0,0,0,1,0,0,0,0,0,0,0,0,0,1,0.728,0.693,0,-7.097,0,0.0909,0.25,0.00128,0.0625,0.764,0,0,0,1,0,0,0,0,0,0,0,0,1,disco
0,0,0,0,0,0,1,0,0,0,0,0,0,0,1,0.9,0.845,11,-7.306,0,0.257,0.465,0.0,0.0724,0.914,0,0,1,0,0,0,0,0,0,0,0,0,1,disco
0,0,1,0,0,0,0,0,0,0,0,0,0,1,0,0.627,0.875,0,-10.291,1,0.0741,0.232,0.475,0.0759,0.854,0,0,0,1,0,0,0,0,0,0,0,0,1,disco
0,0,0,0,1,0,0,0,0,0,0,0,0,0,1,0.794,0.505,9,-10.581,0,0.0331,0.111,0.00555,0.167,0.894,1,0,0,0,0,0,0,0,0,0,0,0,1,disco
0,0,0,1,0,0,0,0,0,0,0,0,0,1,0,0.814,0.701,7,-7.525,1,0.0376,0.0103,0.00775,0.132,0.786,0,0,0,0,0,0,0,0,0,0,1,0,1,disco
