"Shape_['0', 'b']",Shape_['0'],"Shape_['1', '0']","Shape_['1', 'b', '0']","Shape_['1', 'b']",Shape_['1'],"Shape_['b', '1', '0']",Shape_['b'],"Color_['#', 'b', '0']",Color_['#'],"Color_['0', 'b']",Color_['0'],Color_['1'],"Color_['b', '0']",Color_['b'],Color_[],danceability,energy,key,loudness,mode,speechiness,acousticness,instrumentalness,liveness,valence,A,A#/Bb,B,C,C#/Db,D,D#/Eb,E,F,F#/Gb,G,G#/Ab,3,4,5,Genre
0,0,0,0,0,1,0,0,0,0,0,0,0,1,0,0,0.469,0.771,5,-7.071,1,0.338,0.518,0.000197,0.0789,0.298,0,0,0,0,0,0,0,0,1,0,0,0,0,1,0,electro indie pop
1,0,0,0,0,0,0,0,0,0,0,0,0,0,0,1,0.625,0.897,0,-3.24,0,0.166,0.0533,0.0,0.23,0.71,0,0,0,1,0,0,0,0,0,0,0,0,0,1,0,electro indie pop
0,0,1,0,0,0,0,0,0,0,0,0,0,0,1,0,0.884,0.581,2,-9.274,1,0.102,0.446,0.122,0.302,0.394,0,0,0,0,0,1,0,0,0,0,0,0,0,1,0,electro indie pop
1,0,0,0,0,0,0,0,0,0,0,0,0,0,0,1,0.741,0.723,9,-6.702,0,0.0871,0.719,0.802,0.0982,0.212,1,0,0,0,0,0,0,0,0,0,0,0,0,1,0,electro indie pop
0,0,1,0,0,0,0,0,0,0,0,0,0,0,0,1,0.678,0.815,9,-6.311,1,0.0416,0.0477,0.000693,0.0909,0.372,1,0,0,0,0,0,0,0,0,0,0,0,0,1,0,electro indie pop
0,1,0,0,0,0,0,0,0,0,0,0,0,0,1,0,0.738,0.473,2,-8.46,0,0.0473,0.00994,0.0482,0.0919,0.444,0,0,0,0,0,1,0,0,0,0,0,0,0,1,0,electro indie pop
1,0,0,0,0,0,0,0,0,0,0,0,0,0,0,1,0.703,0.513,9,-8.664,0,0.0893,0.228,0.0369,0.113,0.316,1,0,0,0,0,0,0,0,0,0,0,0,0,1,0,electro indie pop
0,0,1,0,0,0,0,0,0,0,0,0,0,0,0,1,0.416,0.61,7,-10.556,1,0.0469,0.0194,0.824,0.141,0.12,0,0,0,0,0,0,0,0,0,0,1,0,0,1,0,electro indie pop
1,0,0,0,0,0,0,0,0,0,0,0,0,0,0,1,0.845,0.514,4,-6.206,0,0.0457,0.0336,0.0748,0.097,0.531,0,0,0,0,0,0,0,1,0,0,0,0,0,1,0,electro indie pop
0,0,0,0,0,1,0,0,0,0,1,0,0,0,0,0,0.577,0.833,8,-5.911,1,0.0532,0.334,0.047,0.0627,0.166,0,0,0,0,0,0,0,0,0,0,0,1,1,0,0,electro indie pop
1,0,0,0,0,0,0,0,0,0,0,0,0,0,0,1,0.883,0.71,0,-7.813,0,0.0918,0.0414,0.512,0.0489,0.888,0,0,0,1,0,0,0,0,0,0,0,0,0,1,0,electro indie pop
0,0,0,0,0,1,0,0,0,0,0,0,0,0,0,1,0.638,0.848,1,-4.735,1,0.0315,0.000176,0.000969,0.0887,0.478,0,0,0,0,1,0,0,0,0,0,0,0,0,1,0,electro indie pop
1,0,0,0,0,0,0,0,0,0,0,0,0,0,0,1,0.716,0.74,9,-4.437,0,0.262,0.0625,0.0,0.156,0.597,1,0,0,0,0,0,0,0,0,0,0,0,0,1,0,electro indie pop
0,0,0,0,0,1,0,0,0,0,0,0,0,0,0,1,0.572,0.428,11,-9.275,1,0.0496,0.812,0.551,0.121,0.259,0,0,1,0,0,0,0,0,0,0,0,0,0,1,0,electro indie pop
1,0,0,0,0,0,0,0,0,0,0,0,1,0,0,0,0.761,0.801,11,-3.492,0,0.0771,0.283,0.00164,0.029,0.882,0,0,1,0,0,0,0,0,0,0,0,0,0,1,0,electro indie pop
0,1,0,0,0,0,0,0,0,0,0,0,0,0,0,1,0.608,0.416,2,-12.312,0,0.237,0.798,5.54e-05,0.11,0.426,0,0,0,0,0,1,0,0,0,0,0,0,0,1,0,electro indie pop
0,0,0,0,0,1,0,0,0,0,0,1,0,0,0,0,0.452,0.501,1,-8.692,1,0.212,0.186,0.0148,0.0903,0.464,0,0,0,0,1,0,0,0,0,0,0,0,0,1,0,electro indie pop
0,0,0,1,0,0,0,0,0,0,0,0,0,0,0,1,0.763,0.714,10,-6.214,1,0.041,0.229,0.707,0.142,0.503,0,1,0,0,0,0,0,0,0,0,0,0,0,1,0,electro indie pop
1,0,0,0,0,0,0,0,0,0,0,0,0,0,0,1,0.706,0.534,8,-8.083,0,0.0547,0.292,0.00665,0.253,0.541,0,0,0,0,0,0,0,0,0,0,0,1,0,1,0,electro indie pop
1,0,0,0,0,0,0,0,0,0,0,0,0,0,0,1,0.654,0.772,1,-6.929,0,0.0549,0.139,0.000618,0.118,0.508,0,0,0,0,1,0,0,0,0,0,0,0,0,1,0,electro indie pop
1,0,0,0,0,0,0,0,0,0,0,0,0,0,0,1,0.685,0.641,9,-7.985,0,0.403,0.157,0.0,0.143,0.436,1,0,0,0,0,0,0,0,0,0,0,0,0,1,0,electro indie pop
1,0,0,0,0,0,0,0,0,0,0,0,0,0,0,1,0.723,0.429,1,-7.119,0,0.0381,0.000108,0.695,0.228,0.398,0,0,0,0,1,0,0,0,0,0,0,0,0,1,0,electro indie pop
0,1,0,0,0,0,0,0,0,0,0,0,0,0,0,1,0.793,0.773,1,-4.949,0,0.0283,0.13,0.0209,0.237,0.719,0,0,0,0,1,0,0,0,0,0,0,0,0,1,0,electro indie pop
1,0,0,0,0,0,0,0,0,0,0,0,0,0,0,1,0.646,0.357,11,-9.385,0,0.144,0.751,0.107,0.0534,0.312,0,0,1,0,0,0,0,0,0,0,0,0,0,1,0,electro indie pop
0,0,0,0,1,0,0,0,0,0,0,1,0,0,0,0,0.779,0.741,0,-5.503,1,0.0961,0.0261,0.0,0.25,0.929,0,0,0,1,0,0,0,0,0,0,0,0,0,1,0,electro indie pop
0,0,1,0,0,0,0,0,0,0,0,0,0,0,0,1,0.735,0.668,0,-6.508,1,0.0641,0.187,0.0611,0.156,0.34,0,0,0,1,0,0,0,0,0,0,0,0,0,1,0,electro indie pop
0,0,1,0,0,0,0,0,0,0,0,0,0,0,0,1,0.771,0.713,4,-6.874,1,0.0698,0.00191,0.53,0.0903,0.426,0,0,0,0,0,0,0,1,0,0,0,0,0,1,0,electro indie pop
1,0,0,0,0,0,0,0,0,0,0,0,0,0,0,1,0.5,0.664,4,-5.976,0,0.0514,0.29,1.07e-05,0.2,0.492,0,0,0,0,0,0,0,1,0,0,0,0,0,1,0,electro indie pop
0,0,1,0,0,0,0,0,0,0,0,0,0,0,0,1,0.588,0.7,7,-8.89,1,0.325,0.00154,0.00032,0.233,0.424,0,0,0,0,0,0,0,0,0,0,1,0,0,1,0,electro indie pop
0,0,1,0,0,0,0,0,0,0,0,0,0,0,0,1,0.657,0.535,0,-11.662,1,0.0452,0.58,0.00444,0.0946,0.323,0,0,0,1,0,0,0,0,0,0,0,0,0,1,0,electro indie pop
0,0,1,0,0,0,0,0,0,0,0,0,0,0,1,0,0.868,0.377,9,-6.734,1,0.0636,0.0559,5.24e-05,0.102,0.653,1,0,0,0,0,0,0,0,0,0,0,0,0,1,0,electro indie pop
1,0,0,0,0,0,0,0,0,0,0,0,0,0,0,1,0.705,0.567,9,-9.566,0,0.033,0.035,0.107,0.0809,0.136,1,0,0,0,0,0,0,0,0,0,0,0,0,1,0,electro indie pop
1,0,0,0,0,0,0,0,0,0,0,0,0,0,0,1,0.787,0.645,7,-5.56,0,0.0568,0.0623,0.000553,0.0891,0.795,0,0,0,0,0,0,0,0,0,0,1,0,0,1,0,electro indie pop
0,0,0,0,0,1,0,0,0,0,0,1,0,0,0,0,0.774,0.762,0,-8.94,1,0.0592,0.0953,0.0084,0.105,0.641,0,0,0,1,0,0,0,0,0,0,0,0,0,1,0,electro indie pop
1,0,0,0,0,0,0,0,0,0,0,0,0,0,0,1,0.75,0.536,4,-6.705,0,0.1,0.00203,0.00959,0.152,0.333,0,0,0,0,0,0,0,1,0,0,0,0,0,1,0,electro indie pop
0,0,1,0,0,0,0,0,0,0,0,0,0,0,0,1,0.66,0.684,0,-8.091,1,0.0347,0.18,0.766,0.0958,0.103,0,0,0,1,0,0,0,0,0,0,0,0,0,1,0,electro indie pop
1,0,0,0,0,0,0,0,0,0,0,0,0,0,0,1,0.801,0.564,10,-5.967,0,0.0631,0.0114,0.115,0.0645,0.435,0,1,0,0,0,0,0,0,0,0,0,0,0,1,0,electro indie pop
1,0,0,0,0,0,0,0,0,0,0,0,0,0,0,1,0.661,0.436,3,-8.528,0,0.0347,0.019,0.000179,0.102,0.155,0,0,0,0,0,0,1,0,0,0,0,0,0,1,0,electro indie pop
1,0,0,0,0,0,0,0,0,0,0,0,0,0,0,1,0.751,0.669,9,-5.991,0,0.123,0.012,0.00731,0.076,0.729,1,0,0,0,0,0,0,0,0,0,0,0,0,1,0,electro indie pop
0,1,0,0,0,0,0,0,0,0,0,0,0,0,1,0,0.648,0.691,1,-9.762,0,0.126,0.404,3.6e-06,0.0973,0.502,0,0,0,0,1,0,0,0,0,0,0,0,0,1,0,electro indie pop
1,0,0,0,0,0,0,0,0,0,0,0,0,0,0,1,0.678,0.572,9,-5.58,0,0.0565,0.136,0.0254,0.0877,0.811,1,0,0,0,0,0,0,0,0,0,0,0,0,1,0,electro indie pop
0,0,0,0,0,1,0,0,0,0,0,1,0,0,0,0,0.803,0.803,5,-5.692,1,0.149,0.0401,0.0102,0.158,0.503,0,0,0,0,0,0,0,0,1,0,0,0,0,1,0,electro indie pop
0,0,0,0,0,0,0,1,0,0,0,1,0,0,0,0,0.621,0.678,7,-6.683,0,0.228,0.2,2.6e-06,0.199,0.721,0,0,0,0,0,0,0,0,0,0,1,0,0,1,0,electro indie pop
0,1,0,0,0,0,0,0,0,0,0,0,0,0,1,0,0.584,0.346,10,-16.085,0,0.0473,0.635,0.071,0.121,0.774,0,1,0,0,0,0,0,0,0,0,0,0,0,1,0,electro indie pop
1,0,0,0,0,0,0,0,0,0,0,0,0,0,0,1,0.515,0.44,5,-11.919,0,0.166,0.389,0.276,0.0784,0.272,0,0,0,0,0,0,0,0,1,0,0,0,0,1,0,electro indie pop
1,0,0,0,0,0,0,0,0,0,0,0,0,0,0,1,0.713,0.859,6,-6.483,0,0.0437,0.8,0.388,0.0914,0.326,0,0,0,0,0,0,0,0,0,1,0,0,0,1,0,electro indie pop
0,0,0,0,0,1,0,0,0,0,0,0,0,0,0,1,0.801,0.747,3,-5.336,1,0.0502,0.315,0.00227,0.0964,0.649,0,0,0,0,0,0,1,0,0,0,0,0,0,1,0,electro indie pop
0,0,1,0,0,0,0,0,0,0,0,0,0,0,0,1,0.602,0.846,7,-8.671,1,0.04,0.0008,0.251,0.234,0.685,0,0,0,0,0,0,0,0,0,0,1,0,0,1,0,electro indie pop
0,0,1,0,0,0,0,0,0,0,0,0,0,0,0,1,0.614,0.675,8,-5.16,1,0.147,0.002,0.0,0.0658,0.232,0,0,0,0,0,0,0,0,0,0,0,1,0,1,0,electro indie pop
0,0,0,1,0,0,0,0,0,0,0,0,0,0,0,1,0.752,0.562,8,-9.103,1,0.103,0.0081,0.00387,0.085,0.66,0,0,0,0,0,0,0,0,0,0,0,1,0,1,0,electro indie pop
0,1,0,0,0,0,0,0,0,0,0,0,0,0,1,0,0.793,0.61,5,-6.286,0,0.0552,0.166,0.0182,0.104,0.539,0,0,0,0,0,0,0,0,1,0,0,0,0,1,0,electro indie pop
1,0,0,0,0,0,0,0,0,0,0,0,0,0,0,1,0.245,0.501,9,-6.664,0,0.0542,0.117,4.74e-06,0.126,0.119,1,0,0,0,0,0,0,0,0,0,0,0,0,1,0,electro indie pop
1,0,0,0,0,0,0,0,0,0,0,0,0,0,0,1,0.725,0.512,10,-6.392,0,0.0728,0.0238,5.37e-06,0.179,0.737,0,1,0,0,0,0,0,0,0,0,0,0,0,1,0,electro indie pop
0,0,1,0,0,0,0,0,0,0,0,0,0,0,0,1,0.735,0.793,7,-3.947,1,0.0445,0.026,0.0501,0.429,0.942,0,0,0,0,0,0,0,0,0,0,1,0,0,1,0,electro indie pop
0,0,1,0,0,0,0,0,0,0,0,0,0,0,1,0,0.626,0.855,11,-5.745,0,0.0583,0.0708,0.0382,0.143,0.194,0,0,1,0,0,0,0,0,0,0,0,0,0,1,0,electro indie pop
0,0,0,0,0,1,0,0,1,0,0,0,0,0,0,0,0.801,0.674,1,-5.939,1,0.336,0.0628,3.62e-06,0.0405,0.77,0,0,0,0,1,0,0,0,0,0,0,0,0,1,0,electro indie pop
0,1,0,0,0,0,0,0,0,0,0,0,0,0,1,0,0.702,0.877,9,-7.111,0,0.0495,0.0843,0.292,0.0944,0.509,1,0,0,0,0,0,0,0,0,0,0,0,0,1,0,electro indie pop
0,0,1,0,0,0,0,0,0,0,0,0,0,0,0,1,0.608,0.939,8,-6.086,1,0.0469,0.0449,0.00359,0.122,0.47,0,0,0,0,0,0,0,0,0,0,0,1,0,1,0,electro indie pop
1,0,0,0,0,0,0,0,0,0,0,0,0,0,0,1,0.626,0.718,11,-6.996,0,0.0312,0.0266,0.0552,0.0829,0.199,0,0,1,0,0,0,0,0,0,0,0,0,0,1,0,electro indie pop
0,0,1,0,0,0,0,0,0,0,0,0,0,0,1,0,0.646,0.78,2,-7.466,1,0.0893,0.0601,0.000941,0.602,0.698,0,0,0,0,0,1,0,0,0,0,0,0,0,1,0,electro indie pop
1,0,0,0,0,0,0,0,0,0,0,0,0,0,0,1,0.663,0.667,11,-5.606,0,0.0614,0.0845,2.42e-06,0.317,0.422,0,0,1,0,0,0,0,0,0,0,0,0,0,1,0,electro indie pop
0,0,1,0,0,0,0,0,0,0,0,0,0,0,1,0,0.855,0.817,11,-4.968,1,0.0788,0.0683,0.00634,0.157,0.646,0,0,1,0,0,0,0,0,0,0,0,0,0,1,0,electro indie pop
0,0,1,0,0,0,0,0,0,0,0,0,0,0,0,1,0.695,0.811,1,-4.197,1,0.0707,0.0052,1.26e-05,0.0875,0.638,0,0,0,0,1,0,0,0,0,0,0,0,0,1,0,electro indie pop
0,1,0,0,0,0,0,0,0,0,0,0,0,0,1,0,0.718,0.826,0,-6.763,0,0.0364,0.048,0.361,0.146,0.546,0,0,0,1,0,0,0,0,0,0,0,0,0,1,0,electro indie pop
0,0,1,0,0,0,0,0,0,0,0,0,0,0,0,1,0.717,0.897,11,-4.427,1,0.073,0.038,0.194,0.113,0.774,0,0,1,0,0,0,0,0,0,0,0,0,0,1,0,electro indie pop
1,0,0,0,0,0,0,0,0,0,0,0,0,0,0,1,0.677,0.812,8,-5.329,0,0.0428,0.262,0.464,0.37,0.141,0,0,0,0,0,0,0,0,0,0,0,1,0,1,0,electro indie pop
0,0,0,0,1,0,0,0,0,0,0,1,0,0,0,0,0.671,0.681,0,-7.99,1,0.0639,0.0777,0.0,0.0681,0.816,0,0,0,1,0,0,0,0,0,0,0,0,0,1,0,electro indie pop
1,0,0,0,0,0,0,0,0,0,0,0,0,0,0,1,0.828,0.845,11,-4.512,0,0.137,0.23,4.51e-06,0.124,0.676,0,0,1,0,0,0,0,0,0,0,0,0,0,1,0,electro indie pop
0,0,1,0,0,0,0,0,0,0,0,0,0,0,1,0,0.755,0.756,0,-6.409,1,0.0556,0.00644,7.93e-05,0.279,0.786,0,0,0,1,0,0,0,0,0,0,0,0,0,1,0,electro indie pop
1,0,0,0,0,0,0,0,0,0,0,0,0,0,0,1,0.738,0.749,9,-4.606,0,0.0541,0.00803,6.25e-06,0.0669,0.838,1,0,0,0,0,0,0,0,0,0,0,0,0,1,0,electro indie pop
0,0,0,0,0,1,0,0,0,0,0,1,0,0,0,0,0.832,0.655,1,-7.505,1,0.0557,0.0637,0.0359,0.0891,0.552,0,0,0,0,1,0,0,0,0,0,0,0,0,1,0,electro indie pop
1,0,0,0,0,0,0,0,0,0,0,0,0,0,0,1,0.692,0.648,11,-4.56,0,0.426,0.0895,0.0,0.469,0.58,0,0,1,0,0,0,0,0,0,0,0,0,0,1,0,electro indie pop
1,0,0,0,0,0,0,0,0,0,0,0,0,0,0,1,0.761,0.939,9,-2.554,0,0.351,0.0028,0.0,0.172,0.658,1,0,0,0,0,0,0,0,0,0,0,0,0,1,0,electro indie pop
1,0,0,0,0,0,0,0,0,0,0,0,0,0,0,1,0.783,0.874,3,-4.945,0,0.071,0.00169,1.08e-06,0.111,0.779,0,0,0,0,0,0,1,0,0,0,0,0,0,1,0,electro indie pop
0,0,0,0,0,0,1,0,0,0,0,0,0,0,0,1,0.768,0.393,0,-11.737,1,0.0399,0.229,0.375,0.0923,0.442,0,0,0,1,0,0,0,0,0,0,0,0,0,0,1,electro indie pop
0,0,1,0,0,0,0,0,0,0,0,0,0,0,0,1,0.853,0.821,5,-3.954,1,0.0558,0.0433,0.0899,0.1,0.14,0,0,0,0,0,0,0,0,1,0,0,0,0,1,0,electro indie pop
1,0,0,0,0,0,0,0,0,0,0,0,0,0,0,1,0.777,0.76,8,-5.521,0,0.046,0.231,0.0268,0.0802,0.581,0,0,0,0,0,0,0,0,0,0,0,1,0,1,0,electro indie pop
1,0,0,0,0,0,0,0,0,0,0,0,0,0,0,1,0.65,0.856,9,-3.593,0,0.0388,0.0498,0.542,0.0997,0.545,1,0,0,0,0,0,0,0,0,0,0,0,0,1,0,electro indie pop
1,0,0,0,0,0,0,0,0,0,0,0,0,0,0,1,0.581,0.861,7,-4.992,0,0.0334,0.0173,7.85e-05,0.175,0.45,0,0,0,0,0,0,0,0,0,0,1,0,0,1,0,electro indie pop
0,0,0,1,0,0,0,0,0,0,0,0,0,0,0,1,0.667,0.926,0,-3.792,1,0.0525,0.103,0.000168,0.229,0.832,0,0,0,1,0,0,0,0,0,0,0,0,0,1,0,electro indie pop
1,0,0,0,0,0,0,0,0,0,0,0,0,0,0,1,0.67,0.904,10,-2.955,0,0.0393,0.00988,0.00625,0.101,0.894,0,1,0,0,0,0,0,0,0,0,0,0,0,1,0,electro indie pop
0,0,1,0,0,0,0,0,0,1,0,0,0,0,0,0,0.799,0.84,8,-6.629,1,0.0409,0.00684,0.205,0.0708,0.932,0,0,0,0,0,0,0,0,0,0,0,1,0,1,0,electro indie pop
0,0,0,0,0,0,1,0,0,0,0,0,0,0,0,1,0.798,0.655,0,-6.197,1,0.216,0.00397,0.0639,0.0546,0.71,0,0,0,1,0,0,0,0,0,0,0,0,0,1,0,electro indie pop
0,0,0,0,1,0,0,0,0,0,0,1,0,0,0,0,0.746,0.515,1,-6.32,1,0.436,0.0406,0.0,0.417,0.779,0,0,0,0,1,0,0,0,0,0,0,0,0,1,0,electro indie pop
1,0,0,0,0,0,0,0,0,0,0,0,0,0,0,1,0.739,0.82,5,-6.099,0,0.0889,0.00823,0.0,0.2,0.775,0,0,0,0,0,0,0,0,1,0,0,0,0,1,0,electro indie pop
1,0,0,0,0,0,0,0,0,0,0,0,0,0,0,1,0.75,0.536,4,-6.705,0,0.1,0.00203,0.00959,0.152,0.333,0,0,0,0,0,0,0,1,0,0,0,0,0,1,0,electro indie pop
0,1,0,0,0,0,0,0,0,0,0,0,0,0,1,0,0.732,0.789,5,-3.717,0,0.0476,0.0459,3.11e-05,0.123,0.607,0,0,0,0,0,0,0,0,1,0,0,0,0,1,0,electro indie pop
0,0,1,0,0,0,0,0,0,0,0,0,0,0,0,1,0.621,0.78,8,-7.061,1,0.0327,0.00502,0.00986,0.152,0.322,0,0,0,0,0,0,0,0,0,0,0,1,0,1,0,electro indie pop
0,0,0,0,0,1,0,0,0,0,0,1,0,0,0,0,0.861,0.579,2,-6.172,1,0.219,0.0716,6.56e-06,0.0802,0.542,0,0,0,0,0,1,0,0,0,0,0,0,0,1,0,electro indie pop
0,1,0,0,0,0,0,0,0,0,0,0,0,0,1,0,0.586,0.84,8,-6.674,0,0.0314,0.201,0.00056,0.0661,0.782,0,0,0,0,0,0,0,0,0,0,0,1,0,1,0,electro indie pop
1,0,0,0,0,0,0,0,0,0,0,0,1,0,0,0,0.755,0.815,11,-6.615,0,0.0423,0.142,0.597,0.335,0.547,0,0,1,0,0,0,0,0,0,0,0,0,0,1,0,electro indie pop
1,0,0,0,0,0,0,0,0,0,0,0,0,0,0,1,0.609,0.75,0,-7.109,0,0.0422,0.3,0.362,0.189,0.0983,0,0,0,1,0,0,0,0,0,0,0,0,0,1,0,electro indie pop
0,1,0,0,0,0,0,0,0,0,0,0,0,0,1,0,0.644,0.868,7,-3.738,0,0.0404,0.0159,2.23e-05,0.567,0.593,0,0,0,0,0,0,0,0,0,0,1,0,0,1,0,electro indie pop
0,0,1,0,0,0,0,0,0,0,0,0,0,0,0,1,0.74,0.813,7,-6.29,1,0.0342,0.0417,0.00414,0.0931,0.0387,0,0,0,0,0,0,0,0,0,0,1,0,0,1,0,electro indie pop
1,0,0,0,0,0,0,0,0,0,0,0,0,0,0,1,0.544,0.877,11,-5.332,0,0.0301,0.000422,0.00405,0.0438,0.611,0,0,1,0,0,0,0,0,0,0,0,0,0,1,0,electro indie pop
0,1,0,0,0,0,0,0,0,0,0,0,0,0,1,0,0.715,0.74,9,-5.382,0,0.04,0.0122,0.000288,0.123,0.594,1,0,0,0,0,0,0,0,0,0,0,0,0,1,0,electro indie pop
0,0,0,0,0,1,0,0,0,0,0,1,0,0,0,0,0.727,0.586,6,-5.317,1,0.223,0.245,0.0312,0.116,0.722,0,0,0,0,0,0,0,0,0,1,0,0,0,1,0,electro indie pop
0,0,1,0,0,0,0,0,0,0,0,0,0,0,0,1,0.597,0.541,5,-10.718,1,0.0553,0.091,0.000491,0.153,0.157,0,0,0,0,0,0,0,0,1,0,0,0,1,0,0,electro indie pop
0,0,0,0,0,1,0,0,0,0,0,1,0,0,0,0,0.653,0.785,0,-4.869,1,0.0348,0.121,0.00139,0.122,0.641,0,0,0,1,0,0,0,0,0,0,0,0,0,1,0,electro indie pop
1,0,0,0,0,0,0,0,0,0,0,0,0,0,0,1,0.565,0.797,0,-6.975,0,0.0612,0.0788,0.0972,0.0986,0.48,0,0,0,1,0,0,0,0,0,0,0,0,0,1,0,electro indie pop
