"Shape_['0', 'b', '1']","Shape_['0', 'b']",Shape_['0'],"Shape_['1', '0']","Shape_['1', 'b', '#']","Shape_['1', 'b']",Shape_['1'],"Shape_['b', '0']","Shape_['b', '1', '0']",Color_['#'],"Color_['0', 'b']",Color_['0'],Color_['1'],"Color_['b', '0']",Color_['b'],Color_[],danceability,energy,key,loudness,mode,speechiness,acousticness,instrumentalness,liveness,valence,A,A#/Bb,B,C,C#/Db,D,D#/Eb,E,F,F#/Gb,G,G#/Ab,1,3,4,Genre
0,0,0,1,0,0,0,0,0,0,0,0,0,0,1,0,0.516,0.457,2,-11.075,1,0.0356,0.115,0.841,0.21,0.223,0,0,0,0,0,1,0,0,0,0,0,0,0,0,1,electronic
0,0,0,1,0,0,0,0,0,0,0,0,0,0,1,0,0.662,0.679,2,-10.401,1,0.0361,0.00106,0.837,0.11,0.134,0,0,0,0,0,1,0,0,0,0,0,0,0,0,1,electronic
0,0,0,0,0,0,0,1,0,0,0,0,0,0,0,1,0.481,0.884,6,-7.771,0,0.0375,0.023,0.684,0.434,0.267,0,0,0,0,0,0,0,0,0,1,0,0,0,0,1,electronic
0,0,0,1,0,0,0,0,0,0,0,0,0,0,0,1,0.584,0.571,1,-10.467,1,0.042,0.605,0.915,0.085,0.0393,0,0,0,0,1,0,0,0,0,0,0,0,0,0,1,electronic
0,0,0,1,0,0,0,0,0,0,0,0,0,0,0,1,0.574,0.616,2,-10.291,1,0.0334,0.484,0.907,0.149,0.422,0,0,0,0,0,1,0,0,0,0,0,0,0,0,1,electronic
0,0,0,0,0,0,0,0,1,0,0,0,0,0,0,1,0.781,0.489,4,-11.437,1,0.0414,0.854,0.919,0.0947,0.114,0,0,0,0,0,0,0,1,0,0,0,0,0,0,1,electronic
0,0,0,0,0,0,0,1,0,0,0,0,0,0,0,1,0.644,0.625,9,-7.797,0,0.0317,0.0179,0.953,0.155,0.549,1,0,0,0,0,0,0,0,0,0,0,0,0,0,1,electronic
0,0,0,0,0,0,1,0,0,0,0,0,0,0,1,0,0.487,0.817,7,-8.61,1,0.031,0.136,0.889,0.546,0.33,0,0,0,0,0,0,0,0,0,0,1,0,0,0,1,electronic
0,0,0,0,0,1,0,0,0,0,0,0,0,0,0,1,0.734,0.594,8,-8.719,1,0.104,0.00161,0.79,0.101,0.378,0,0,0,0,0,0,0,0,0,0,0,1,0,0,1,electronic
0,0,1,0,0,0,0,0,0,0,0,0,0,0,1,0,0.589,0.505,7,-11.178,0,0.0427,0.000382,0.86,0.0686,0.547,0,0,0,0,0,0,0,0,0,0,1,0,0,0,1,electronic
0,0,0,0,0,0,0,1,0,0,0,0,0,0,0,1,0.776,0.235,2,-18.314,0,0.137,0.819,0.6,0.0936,0.665,0,0,0,0,0,1,0,0,0,0,0,0,0,0,1,electronic
0,0,0,1,0,0,0,0,0,0,0,0,0,0,1,0,0.469,0.542,8,-9.325,1,0.082,0.423,0.706,0.109,0.0342,0,0,0,0,0,0,0,0,0,0,0,1,0,1,0,electronic
0,0,1,0,0,0,0,0,0,0,0,0,0,0,0,1,0.661,0.567,8,-11.64,0,0.0372,0.683,0.904,0.115,0.0396,0,0,0,0,0,0,0,0,0,0,0,1,0,0,1,electronic
0,0,0,1,0,0,0,0,0,0,0,0,0,0,0,1,0.27,0.505,7,-12.576,1,0.0397,0.182,0.666,0.656,0.116,0,0,0,0,0,0,0,0,0,0,1,0,0,0,1,electronic
0,0,0,0,0,0,1,0,0,0,0,0,0,0,1,0,0.768,0.731,0,-10.204,1,0.0469,0.00534,0.876,0.0919,0.519,0,0,0,1,0,0,0,0,0,0,0,0,0,0,1,electronic
0,0,0,0,0,0,1,0,0,0,0,1,0,0,0,0,0.371,0.449,1,-14.248,1,0.0326,0.507,0.915,0.139,0.0328,0,0,0,0,1,0,0,0,0,0,0,0,0,0,1,electronic
0,0,0,1,0,0,0,0,0,0,0,0,0,0,0,1,0.464,0.496,0,-6.688,1,0.0447,0.163,0.000501,0.783,0.0803,0,0,0,1,0,0,0,0,0,0,0,0,0,0,1,electronic
0,1,0,0,0,0,0,0,0,0,0,0,0,0,0,1,0.747,0.635,4,-6.914,0,0.0285,0.225,0.933,0.117,0.0889,0,0,0,0,0,0,0,1,0,0,0,0,0,0,1,electronic
0,1,0,0,0,0,0,0,0,0,0,0,0,0,0,1,0.621,0.752,7,-8.049,0,0.0329,0.0112,0.825,0.134,0.328,0,0,0,0,0,0,0,0,0,0,1,0,0,0,1,electronic
0,1,0,0,0,0,0,0,0,0,0,0,0,0,0,1,0.611,0.684,10,-9.338,0,0.8,0.701,0.14,0.506,0.23,0,1,0,0,0,0,0,0,0,0,0,0,0,0,1,electronic
0,0,0,1,0,0,0,0,0,0,0,0,0,0,0,1,0.792,0.599,3,-13.647,1,0.141,0.316,0.931,0.111,0.57,0,0,0,0,0,0,1,0,0,0,0,0,0,0,1,electronic
0,0,0,0,1,0,0,0,0,0,0,0,0,0,0,1,0.795,0.437,7,-16.285,1,0.0606,0.69,0.804,0.0883,0.162,0,0,0,0,0,0,0,0,0,0,1,0,0,0,1,electronic
0,0,0,0,0,0,0,1,0,0,0,0,0,0,0,1,0.666,0.379,0,-15.438,0,0.0808,0.455,0.912,0.066,0.0668,0,0,0,1,0,0,0,0,0,0,0,0,0,0,1,electronic
0,0,0,1,0,0,0,0,0,0,0,0,0,0,0,1,0.639,0.646,7,-11.082,1,0.041,0.0516,0.791,0.106,0.387,0,0,0,0,0,0,0,0,0,0,1,0,0,0,1,electronic
0,0,0,0,0,0,1,0,0,0,1,0,0,0,0,0,0.558,0.954,0,-8.959,1,0.04,0.488,0.903,0.396,0.664,0,0,0,1,0,0,0,0,0,0,0,0,0,0,1,electronic
0,0,0,1,0,0,0,0,0,0,0,0,0,0,0,1,0.794,0.406,6,-9.281,1,0.344,0.172,0.763,0.0926,0.373,0,0,0,0,0,0,0,0,0,1,0,0,0,0,1,electronic
0,0,0,0,0,0,1,0,0,0,0,0,0,0,1,0,0.656,0.536,7,-14.187,1,0.0394,0.00447,0.891,0.334,0.383,0,0,0,0,0,0,0,0,0,0,1,0,0,0,1,electronic
0,0,0,0,0,0,1,0,0,0,0,1,0,0,0,0,0.641,0.373,0,-11.914,1,0.043,0.889,0.958,0.0873,0.468,0,0,0,1,0,0,0,0,0,0,0,0,0,0,1,electronic
0,0,0,0,0,0,0,0,1,0,0,0,0,0,0,1,0.748,0.775,1,-13.461,1,0.0563,0.0952,0.838,0.0503,0.911,0,0,0,0,1,0,0,0,0,0,0,0,0,0,1,electronic
0,0,0,0,0,0,0,1,0,0,0,0,0,0,0,1,0.418,0.66,2,-7.959,0,0.0447,0.0106,0.87,0.0727,0.245,0,0,0,0,0,1,0,0,0,0,0,0,0,0,1,electronic
0,0,0,0,0,0,0,1,0,0,0,0,0,0,0,1,0.648,0.467,4,-12.267,0,0.0355,0.0118,0.957,0.38,0.675,0,0,0,0,0,0,0,1,0,0,0,0,0,0,1,electronic
0,1,0,0,0,0,0,0,0,0,0,0,0,0,0,1,0.779,0.464,1,-12.18,0,0.0606,0.678,0.768,0.0793,0.102,0,0,0,0,1,0,0,0,0,0,0,0,0,0,1,electronic
0,0,0,1,0,0,0,0,0,0,0,0,0,0,0,1,0.729,0.814,2,-9.305,1,0.0387,0.0602,0.215,0.164,0.351,0,0,0,0,0,1,0,0,0,0,0,0,0,0,1,electronic
0,0,0,0,0,0,1,0,0,0,0,0,0,0,0,1,0.63,0.636,11,-6.097,1,0.0262,0.613,0.244,0.0989,0.181,0,0,1,0,0,0,0,0,0,0,0,0,0,0,1,electronic
0,1,0,0,0,0,0,0,0,0,0,0,0,0,0,1,0.457,0.459,6,-10.83,0,0.0373,0.385,0.877,0.0712,0.0378,0,0,0,0,0,0,0,0,0,1,0,0,0,0,1,electronic
0,1,0,0,0,0,0,0,0,0,0,0,0,0,0,1,0.413,0.496,4,-10.916,0,0.0315,0.276,0.799,0.0918,0.0626,0,0,0,0,0,0,0,1,0,0,0,0,0,0,1,electronic
0,0,0,1,0,0,0,0,0,0,0,0,0,0,0,1,0.563,0.65,0,-10.132,1,0.0315,0.2,0.882,0.154,0.0706,0,0,0,1,0,0,0,0,0,0,0,0,0,0,1,electronic
0,0,1,0,0,0,0,0,0,0,0,0,0,0,1,0,0.766,0.897,1,-3.794,0,0.0407,0.575,0.869,0.113,0.578,0,0,0,0,1,0,0,0,0,0,0,0,0,0,1,electronic
0,0,0,0,0,0,1,0,0,0,0,1,0,0,0,0,0.561,0.561,2,-16.444,1,0.0574,0.693,0.952,0.0892,0.0257,0,0,0,0,0,1,0,0,0,0,0,0,0,0,1,electronic
0,0,0,1,0,0,0,0,0,1,0,0,0,0,0,0,0.727,0.44,7,-11.748,1,0.0326,0.28,0.88,0.0846,0.121,0,0,0,0,0,0,0,0,0,0,1,0,0,0,1,electronic
0,1,0,0,0,0,0,0,0,0,0,0,0,0,0,1,0.424,0.848,3,-6.181,0,0.0376,0.000117,0.824,0.0996,0.0593,0,0,0,0,0,0,1,0,0,0,0,0,0,0,1,electronic
0,0,0,1,0,0,0,0,0,0,0,0,0,0,0,1,0.707,0.628,5,-5.856,1,0.0318,0.00494,0.624,0.29,0.182,0,0,0,0,0,0,0,0,1,0,0,0,0,0,1,electronic
0,1,0,0,0,0,0,0,0,0,0,0,0,0,0,1,0.692,0.436,8,-18.133,0,0.0405,0.391,0.868,0.0956,0.124,0,0,0,0,0,0,0,0,0,0,0,1,0,0,1,electronic
0,1,0,0,0,0,0,0,0,0,0,0,0,0,0,1,0.589,0.958,10,-8.734,0,0.0362,6.54e-05,0.83,0.229,0.186,0,1,0,0,0,0,0,0,0,0,0,0,0,0,1,electronic
0,0,0,1,0,0,0,0,0,0,0,0,0,0,0,1,0.741,0.489,1,-14.247,1,0.0765,0.128,0.866,0.0878,0.0849,0,0,0,0,1,0,0,0,0,0,0,0,0,0,1,electronic
0,0,0,0,0,0,1,0,0,0,0,0,0,0,0,1,0.371,0.579,2,-11.447,1,0.0449,0.0128,0.905,0.109,0.0616,0,0,0,0,0,1,0,0,0,0,0,0,0,0,1,electronic
0,0,0,1,0,0,0,0,0,1,0,0,0,0,0,0,0.641,0.578,2,-8.218,1,0.0745,0.162,0.845,0.0928,0.333,0,0,0,0,0,1,0,0,0,0,0,0,0,0,1,electronic
0,0,0,0,0,0,0,1,0,0,0,0,0,0,0,1,0.484,0.576,1,-8.431,0,0.663,0.582,0.0301,0.306,0.317,0,0,0,0,1,0,0,0,0,0,0,0,1,0,0,electronic
0,0,0,0,0,0,0,1,0,0,0,0,0,0,0,1,0.563,0.657,9,-9.665,0,0.0344,0.0226,0.833,0.32,0.581,1,0,0,0,0,0,0,0,0,0,0,0,0,0,1,electronic
0,0,0,0,0,0,0,0,1,0,0,0,0,0,0,1,0.808,0.571,11,-10.82,1,0.0763,0.816,0.939,0.298,0.062,0,0,1,0,0,0,0,0,0,0,0,0,0,0,1,electronic
0,0,0,1,0,0,0,0,0,0,0,0,0,0,0,1,0.462,0.455,1,-14.929,1,0.0527,0.218,0.942,0.109,0.176,0,0,0,0,1,0,0,0,0,0,0,0,0,0,1,electronic
0,0,0,0,0,0,1,0,0,0,0,0,0,1,0,0,0.654,0.876,6,-6.392,1,0.0424,0.163,0.118,0.0675,0.978,0,0,0,0,0,0,0,0,0,1,0,0,0,0,1,electronic
0,0,0,1,0,0,0,0,0,0,0,0,0,0,0,1,0.535,0.666,7,-11.099,1,0.0384,0.279,0.845,0.0905,0.629,0,0,0,0,0,0,0,0,0,0,1,0,0,0,1,electronic
0,0,0,1,0,0,0,0,0,0,0,0,0,0,0,1,0.562,0.511,10,-13.327,1,0.0353,0.00917,0.741,0.111,0.038,0,1,0,0,0,0,0,0,0,0,0,0,0,0,1,electronic
0,0,0,0,0,0,0,1,0,0,0,0,0,0,0,1,0.374,0.082,1,-11.402,0,0.0412,0.612,0.202,0.111,0.037,0,0,0,0,1,0,0,0,0,0,0,0,1,0,0,electronic
0,0,0,0,0,0,0,1,0,0,0,0,0,0,0,1,0.761,0.893,3,-6.431,0,0.0865,0.155,0.907,0.106,0.243,0,0,0,0,0,0,1,0,0,0,0,0,0,0,1,electronic
0,0,0,0,0,0,0,1,0,0,0,0,0,0,0,1,0.706,0.194,6,-15.122,0,0.184,0.9,0.896,0.106,0.127,0,0,0,0,0,0,0,0,0,1,0,0,0,0,1,electronic
0,0,1,0,0,0,0,0,0,0,0,0,0,0,1,0,0.578,0.835,2,-3.904,0,0.0368,0.0634,0.744,0.161,0.171,0,0,0,0,0,1,0,0,0,0,0,0,0,0,1,electronic
0,0,1,0,0,0,0,0,0,0,0,0,0,0,1,0,0.353,0.794,0,-7.359,0,0.131,0.0105,0.797,0.106,0.0358,0,0,0,1,0,0,0,0,0,0,0,0,0,0,1,electronic
0,0,1,0,0,0,0,0,0,0,0,0,0,0,1,0,0.324,0.553,3,-11.5,0,0.0372,0.00858,0.847,0.113,0.465,0,0,0,0,0,0,1,0,0,0,0,0,0,0,1,electronic
0,0,1,0,0,0,0,0,0,0,0,0,0,0,1,0,0.533,0.785,4,-7.226,0,0.425,0.0116,0.907,0.147,0.378,0,0,0,0,0,0,0,1,0,0,0,0,0,0,1,electronic
0,0,0,1,0,0,0,0,0,0,0,0,0,0,0,1,0.575,0.828,2,-7.484,1,0.0417,0.000128,0.943,0.167,0.667,0,0,0,0,0,1,0,0,0,0,0,0,0,0,1,electronic
0,0,0,0,0,0,0,0,1,0,0,0,0,0,0,1,0.316,0.594,10,-9.084,1,0.0402,0.00511,0.346,0.0909,0.0843,0,1,0,0,0,0,0,0,0,0,0,0,0,0,1,electronic
0,0,0,1,0,0,0,0,0,0,0,0,0,0,0,1,0.434,0.911,6,-6.238,1,0.0349,4.79e-05,0.00328,0.0923,0.319,0,0,0,0,0,0,0,0,0,1,0,0,0,0,1,electronic
0,0,0,1,0,0,0,0,0,0,0,0,0,0,0,1,0.42,0.824,2,-9.002,1,0.0359,0.255,0.922,0.396,0.0399,0,0,0,0,0,1,0,0,0,0,0,0,0,0,1,electronic
0,0,0,0,0,0,1,0,0,0,0,1,0,0,0,0,0.424,0.646,5,-13.549,1,0.0327,0.00807,0.864,0.097,0.125,0,0,0,0,0,0,0,0,1,0,0,0,0,0,1,electronic
1,0,0,0,0,0,0,0,0,0,0,0,0,0,0,1,0.641,0.477,2,-13.083,1,0.058,0.165,0.922,0.0788,0.46,0,0,0,0,0,1,0,0,0,0,0,0,0,0,1,electronic
0,0,0,1,0,0,0,0,0,0,0,0,0,0,0,1,0.431,0.939,10,-4.212,1,0.0401,0.0888,0.964,0.105,0.339,0,1,0,0,0,0,0,0,0,0,0,0,0,0,1,electronic
0,1,0,0,0,0,0,0,0,0,0,0,0,0,0,1,0.592,0.389,6,-12.381,0,0.165,0.0569,0.851,0.116,0.186,0,0,0,0,0,0,0,0,0,1,0,0,0,0,1,electronic
0,1,0,0,0,0,0,0,0,0,0,0,0,0,0,1,0.54,0.724,3,-8.32,0,0.0308,0.00261,0.0403,0.134,0.0693,0,0,0,0,0,0,1,0,0,0,0,0,0,0,1,electronic
0,1,0,0,0,0,0,0,0,0,0,0,0,0,0,1,0.451,0.903,4,-7.685,0,0.0344,0.307,0.916,0.199,0.139,0,0,0,0,0,0,0,1,0,0,0,0,0,0,1,electronic
0,0,0,0,0,0,1,0,0,0,0,1,0,0,0,0,0.562,0.813,9,-11.779,1,0.0457,0.0311,0.793,0.111,0.0751,1,0,0,0,0,0,0,0,0,0,0,0,0,0,1,electronic
0,0,0,1,0,0,0,0,0,0,0,0,0,0,0,1,0.414,0.287,9,-14.838,1,0.0372,0.24,0.428,0.12,0.119,1,0,0,0,0,0,0,0,0,0,0,0,0,0,1,electronic
0,0,0,1,0,0,0,0,0,0,0,0,0,0,0,1,0.675,0.665,0,-8.511,1,0.0341,0.00224,0.771,0.132,0.396,0,0,0,1,0,0,0,0,0,0,0,0,0,0,1,electronic
0,1,0,0,0,0,0,0,0,0,0,0,0,0,0,1,0.681,0.743,5,-9.897,0,0.0412,0.000348,0.809,0.0958,0.426,0,0,0,0,0,0,0,0,1,0,0,0,0,0,1,electronic
0,1,0,0,0,0,0,0,0,0,0,0,0,0,0,1,0.668,0.616,6,-7.937,0,0.0424,0.0358,0.738,0.107,0.136,0,0,0,0,0,0,0,0,0,1,0,0,0,0,1,electronic
0,1,0,0,0,0,0,0,0,0,0,0,0,0,0,1,0.735,0.724,5,-9.263,0,0.0776,0.369,0.447,0.0982,0.338,0,0,0,0,0,0,0,0,1,0,0,0,0,0,1,electronic
0,0,0,0,0,0,0,1,0,0,0,0,0,0,0,1,0.405,0.642,11,-6.443,0,0.0531,0.304,0.738,0.0922,0.465,0,0,1,0,0,0,0,0,0,0,0,0,0,1,0,electronic
0,0,0,0,0,0,1,0,0,0,0,0,0,0,0,1,0.532,0.376,1,-13.246,1,0.0808,0.0399,0.934,0.109,0.525,0,0,0,0,1,0,0,0,0,0,0,0,0,0,1,electronic
0,0,0,1,0,0,0,0,0,0,0,0,0,0,0,1,0.649,0.328,0,-9.939,1,0.0374,0.148,0.895,0.053,0.244,0,0,0,1,0,0,0,0,0,0,0,0,0,0,1,electronic
0,0,0,0,0,1,0,0,0,0,0,1,0,0,0,0,0.652,0.597,0,-10.693,1,0.0307,0.151,0.841,0.0436,0.291,0,0,0,1,0,0,0,0,0,0,0,0,0,0,1,electronic
0,0,0,0,0,0,0,1,0,0,0,0,0,0,0,1,0.544,0.381,1,-12.415,0,0.0272,0.563,0.831,0.165,0.035,0,0,0,0,1,0,0,0,0,0,0,0,0,0,1,electronic
0,0,0,0,0,0,0,1,0,0,0,0,0,0,0,1,0.562,0.521,5,-10.301,0,0.0363,0.407,0.885,0.109,0.472,0,0,0,0,0,0,0,0,1,0,0,0,0,0,1,electronic
0,0,0,0,0,0,0,1,0,0,0,0,0,0,0,1,0.681,0.879,9,-8.976,0,0.0388,0.088,0.33,0.113,0.658,1,0,0,0,0,0,0,0,0,0,0,0,0,0,1,electronic
0,0,0,0,0,0,1,0,0,0,0,1,0,0,0,0,0.616,0.458,11,-9.953,1,0.0582,0.0297,0.879,0.111,0.0385,0,0,1,0,0,0,0,0,0,0,0,0,0,0,1,electronic
0,0,0,1,0,0,0,0,0,0,0,0,0,0,0,1,0.595,0.672,0,-13.005,1,0.0483,0.483,0.896,0.11,0.17,0,0,0,1,0,0,0,0,0,0,0,0,0,0,1,electronic
0,0,0,0,0,0,0,1,0,0,0,0,0,0,0,1,0.683,0.494,7,-14.393,0,0.24,0.165,0.226,0.101,0.446,0,0,0,0,0,0,0,0,0,0,1,0,0,0,1,electronic
0,1,0,0,0,0,0,0,0,0,0,0,0,0,0,1,0.692,0.643,9,-9.827,0,0.111,0.209,0.873,0.112,0.347,1,0,0,0,0,0,0,0,0,0,0,0,0,0,1,electronic
0,1,0,0,0,0,0,0,0,0,0,0,1,0,0,0,0.466,0.628,11,-10.657,0,0.049,0.0275,0.891,0.207,0.0824,0,0,1,0,0,0,0,0,0,0,0,0,0,0,1,electronic
0,0,0,0,0,0,0,1,0,0,0,0,0,0,0,1,0.774,0.583,0,-11.772,0,0.0582,0.142,0.816,0.103,0.514,0,0,0,1,0,0,0,0,0,0,0,0,0,0,1,electronic
0,0,0,1,0,0,0,0,0,0,0,0,0,0,0,1,0.704,0.747,11,-8.072,1,0.0373,0.088,0.893,0.0937,0.105,0,0,1,0,0,0,0,0,0,0,0,0,0,0,1,electronic
0,0,0,0,0,0,1,0,0,0,0,0,0,0,0,1,0.649,0.567,7,-10.153,1,0.0245,0.62,0.881,0.11,0.398,0,0,0,0,0,0,0,0,0,0,1,0,0,0,1,electronic
0,1,0,0,0,0,0,0,0,0,0,0,0,0,0,1,0.608,0.563,0,-10.638,0,0.0264,0.00334,0.883,0.125,0.17,0,0,0,1,0,0,0,0,0,0,0,0,0,0,1,electronic
0,0,1,0,0,0,0,0,0,0,0,0,0,0,1,0,0.569,0.671,4,-14.369,0,0.358,0.0106,0.85,0.126,0.141,0,0,0,0,0,0,0,1,0,0,0,0,0,0,1,electronic
0,0,0,1,0,0,0,0,0,0,0,0,0,0,1,0,0.544,0.564,9,-12.582,1,0.0283,0.449,0.903,0.0999,0.0735,1,0,0,0,0,0,0,0,0,0,0,0,0,0,1,electronic
0,0,0,0,0,0,1,0,0,0,0,0,0,0,0,1,0.59,0.586,1,-12.804,1,0.0391,0.151,0.938,0.196,0.139,0,0,0,0,1,0,0,0,0,0,0,0,0,0,1,electronic
0,0,0,0,0,0,0,1,0,0,0,0,0,0,0,1,0.618,0.529,5,-9.144,0,0.0464,0.301,0.877,0.105,0.377,0,0,0,0,0,0,0,0,1,0,0,0,0,0,1,electronic
0,0,0,1,0,0,0,0,0,0,0,0,0,0,1,0,0.421,0.649,8,-9.683,1,0.0421,0.0242,0.893,0.123,0.149,0,0,0,0,0,0,0,0,0,0,0,1,0,0,1,electronic
0,0,0,0,0,0,0,1,0,0,0,0,0,0,0,1,0.781,0.564,10,-12.002,0,0.049,0.491,0.925,0.277,0.15,0,1,0,0,0,0,0,0,0,0,0,0,0,0,1,electronic
0,0,0,1,0,0,0,0,0,0,0,0,0,0,0,1,0.622,0.512,8,-17.868,1,0.0482,0.0951,0.892,0.115,0.32,0,0,0,0,0,0,0,0,0,0,0,1,0,0,1,electronic
