"Shape_['0', 'b']",Shape_['0'],"Shape_['1', '0', 'b']","Shape_['1', '0']","Shape_['1', 'b', '0']","Shape_['1', 'b']",Shape_['1'],Color_['#'],"Color_['0', '#']","Color_['0', 'b']",Color_['0'],Color_['1'],Color_['b'],Color_[],danceability,energy,key,loudness,mode,speechiness,acousticness,instrumentalness,liveness,valence,A,A#/Bb,B,C,C#/Db,D,D#/Eb,E,F,F#/Gb,G,G#/Ab,1,3,4,Genre
0,0,0,1,0,0,0,1,0,0,0,0,0,0,0.219,0.168,0,-16.267,1,0.0505,0.965,0.106,0.373,0.548,0,0,0,1,0,0,0,0,0,0,0,0,0,0,1,french
1,0,0,0,0,0,0,0,0,0,0,0,0,1,0.31,0.589,6,-11.097,0,0.273,0.728,0.0,0.963,0.605,0,0,0,0,0,0,0,0,0,1,0,0,0,0,1,french
0,0,0,1,0,0,0,0,0,0,0,0,0,1,0.534,0.56,4,-7.565,1,0.0236,0.451,9.63e-05,0.11,0.599,0,0,0,0,0,0,0,1,0,0,0,0,0,0,1,french
0,0,0,0,0,1,0,0,0,0,1,0,0,0,0.784,0.319,2,-11.813,1,0.081,0.85,0.0,0.129,0.777,0,0,0,0,0,1,0,0,0,0,0,0,0,1,0,french
0,0,0,0,1,0,0,0,0,0,0,0,0,1,0.79,0.102,11,-16.727,0,0.122,0.941,0.0,0.116,0.714,0,0,1,0,0,0,0,0,0,0,0,0,0,0,1,french
0,0,0,1,0,0,0,0,0,0,0,0,0,1,0.372,0.00632,1,-31.05,1,0.0462,0.985,5.01e-05,0.0853,0.335,0,0,0,0,1,0,0,0,0,0,0,0,0,1,0,french
0,0,0,0,1,0,0,0,0,0,0,0,0,1,0.744,0.222,2,-12.511,1,0.176,0.821,4.64e-05,0.109,0.745,0,0,0,0,0,1,0,0,0,0,0,0,0,0,1,french
0,0,0,0,0,1,0,0,0,0,1,0,0,0,0.43,0.24,8,-10.561,1,0.0526,0.737,0.00616,0.0924,0.367,0,0,0,0,0,0,0,0,0,0,0,1,0,0,1,french
0,0,0,0,0,0,1,0,0,0,0,0,1,0,0.447,0.583,8,-12.031,1,0.036,0.0688,0.0,0.178,0.894,0,0,0,0,0,0,0,0,0,0,0,1,0,0,1,french
1,0,0,0,0,0,0,0,0,0,0,0,0,1,0.707,0.609,9,-10.549,0,0.0571,0.367,5.32e-06,0.204,0.846,1,0,0,0,0,0,0,0,0,0,0,0,0,0,1,french
0,0,0,1,0,0,0,0,0,0,0,0,0,1,0.732,0.413,9,-8.553,1,0.0304,0.707,0.0131,0.168,0.895,1,0,0,0,0,0,0,0,0,0,0,0,0,1,0,french
1,0,0,0,0,0,0,0,0,0,0,0,0,1,0.368,0.278,0,-8.596,0,0.0302,0.981,0.0,0.272,0.338,0,0,0,1,0,0,0,0,0,0,0,0,0,0,1,french
0,0,0,0,0,0,1,0,0,0,0,0,0,1,0.385,0.354,7,-6.595,1,0.029,0.858,3.11e-06,0.168,0.437,0,0,0,0,0,0,0,0,0,0,1,0,0,0,1,french
1,0,0,0,0,0,0,0,0,0,0,0,0,1,0.581,0.652,11,-9.173,0,0.0311,0.0283,0.000413,0.173,0.676,0,0,1,0,0,0,0,0,0,0,0,0,0,0,1,french
0,0,0,1,0,0,0,0,0,0,0,0,0,1,0.342,0.237,1,-10.288,1,0.0369,0.992,0.0116,0.0966,0.369,0,0,0,0,1,0,0,0,0,0,0,0,0,0,1,french
0,0,0,0,0,0,1,0,1,0,0,0,0,0,0.468,0.0868,8,-12.975,1,0.0316,0.924,0.0,0.16,0.26,0,0,0,0,0,0,0,0,0,0,0,1,0,0,1,french
0,0,0,1,0,0,0,0,0,0,0,0,0,1,0.548,0.758,1,-4.072,1,0.0312,0.719,0.0,0.24,0.83,0,0,0,0,1,0,0,0,0,0,0,0,0,0,1,french
0,0,0,1,0,0,0,0,0,0,0,0,0,1,0.493,0.357,1,-8.247,1,0.0355,0.735,0.0,0.0761,0.593,0,0,0,0,1,0,0,0,0,0,0,0,0,0,1,french
0,0,0,1,0,0,0,0,0,0,0,0,0,1,0.318,0.396,5,-12.478,1,0.033,0.108,0.0,0.359,0.494,0,0,0,0,0,0,0,0,1,0,0,0,0,0,1,french
1,0,0,0,0,0,0,0,0,0,0,0,0,1,0.309,0.298,9,-10.484,0,0.0401,0.758,0.00734,0.108,0.173,1,0,0,0,0,0,0,0,0,0,0,0,0,1,0,french
1,0,0,0,0,0,0,0,0,0,0,0,0,1,0.408,0.509,9,-11.94,0,0.111,0.0689,0.0,0.0878,0.685,1,0,0,0,0,0,0,0,0,0,0,0,0,0,1,french
0,0,0,0,0,0,1,0,0,0,1,0,0,0,0.783,0.454,4,-8.251,1,0.0489,0.456,0.0,0.155,0.711,0,0,0,0,0,0,0,1,0,0,0,0,0,0,1,french
1,0,0,0,0,0,0,0,0,0,0,0,0,1,0.422,0.543,4,-12.782,0,0.0371,0.0183,0.0,0.318,0.667,0,0,0,0,0,0,0,1,0,0,0,0,0,0,1,french
0,0,0,1,0,0,0,0,0,0,0,0,0,1,0.573,0.445,0,-9.291,1,0.0332,0.83,1.12e-05,0.137,0.453,0,0,0,1,0,0,0,0,0,0,0,0,0,0,1,french
0,0,0,1,0,0,0,0,0,0,0,0,0,1,0.586,0.221,1,-12.971,1,0.046,0.666,0.0,0.193,0.451,0,0,0,0,1,0,0,0,0,0,0,0,1,0,0,french
1,0,0,0,0,0,0,0,0,0,0,0,0,1,0.562,0.547,5,-8.645,0,0.0466,0.725,0.0,0.131,0.457,0,0,0,0,0,0,0,0,1,0,0,0,0,0,1,french
1,0,0,0,0,0,0,0,0,0,0,0,0,1,0.288,0.716,7,-6.792,0,0.0441,0.227,1.96e-05,0.0852,0.131,0,0,0,0,0,0,0,0,0,0,1,0,0,0,1,french
1,0,0,0,0,0,0,0,0,0,0,0,0,1,0.363,0.368,11,-12.878,0,0.0418,0.861,4.99e-06,0.0937,0.393,0,0,1,0,0,0,0,0,0,0,0,0,0,0,1,french
0,0,0,1,0,0,0,0,0,0,0,0,1,0,0.564,0.792,4,-7.363,1,0.0406,0.00809,0.0215,0.901,0.667,0,0,0,0,0,0,0,1,0,0,0,0,0,0,1,french
1,0,0,0,0,0,0,0,0,0,0,0,0,1,0.438,0.293,0,-13.092,0,0.0433,0.787,4.64e-05,0.164,0.147,0,0,0,1,0,0,0,0,0,0,0,0,0,1,0,french
1,0,0,0,0,0,0,0,0,0,0,0,0,1,0.65,0.602,2,-4.679,0,0.0372,0.0385,0.0,0.116,0.538,0,0,0,0,0,1,0,0,0,0,0,0,0,0,1,french
1,0,0,0,0,0,0,0,0,0,0,0,0,1,0.79,0.59,1,-9.206,0,0.0793,0.0994,0.00203,0.065,0.714,0,0,0,0,1,0,0,0,0,0,0,0,0,0,1,french
0,1,0,0,0,0,0,0,0,0,0,0,1,0,0.669,0.449,0,-7.658,0,0.0489,0.184,0.0,0.0729,0.327,0,0,0,1,0,0,0,0,0,0,0,0,0,0,1,french
1,0,0,0,0,0,0,0,0,0,0,0,0,1,0.461,0.628,4,-9.046,0,0.169,0.1,0.0,0.198,0.528,0,0,0,0,0,0,0,1,0,0,0,0,0,0,1,french
1,0,0,0,0,0,0,0,0,0,0,0,0,1,0.664,0.563,2,-6.021,0,0.0376,0.0527,0.0,0.113,0.622,0,0,0,0,0,1,0,0,0,0,0,0,0,0,1,french
1,0,0,0,0,0,0,0,0,0,0,0,0,1,0.329,0.396,11,-8.6,0,0.0345,0.774,0.0,0.2,0.208,0,0,1,0,0,0,0,0,0,0,0,0,0,0,1,french
0,0,0,0,0,1,0,0,0,0,1,0,0,0,0.567,0.771,6,-5.577,1,0.0365,0.252,0.0,0.101,0.596,0,0,0,0,0,0,0,0,0,1,0,0,0,0,1,french
0,0,1,0,0,0,0,0,0,0,0,0,0,1,0.303,0.59,3,-10.372,1,0.0483,0.57,0.0,0.677,0.396,0,0,0,0,0,0,1,0,0,0,0,0,0,0,1,french
1,0,0,0,0,0,0,0,0,0,0,1,0,0,0.512,0.359,11,-13.618,0,0.0337,0.815,0.0,0.184,0.56,0,0,1,0,0,0,0,0,0,0,0,0,0,1,0,french
1,0,0,0,0,0,0,0,0,0,0,0,0,1,0.621,0.767,11,-10.547,0,0.0668,0.167,0.0,0.424,0.713,0,0,1,0,0,0,0,0,0,0,0,0,0,0,1,french
0,0,0,1,0,0,0,0,0,0,0,0,0,1,0.442,0.504,9,-9.101,1,0.0274,0.103,0.0,0.104,0.701,1,0,0,0,0,0,0,0,0,0,0,0,0,0,1,french
0,0,0,0,0,0,1,0,0,0,1,0,0,0,0.594,0.105,4,-20.556,1,0.0446,0.729,3.26e-06,0.119,0.57,0,0,0,0,0,0,0,1,0,0,0,0,0,0,1,french
0,1,0,0,0,0,0,0,0,0,0,0,1,0,0.596,0.46,11,-11.875,0,0.1,0.461,0.0,0.223,0.736,0,0,1,0,0,0,0,0,0,0,0,0,0,1,0,french
1,0,0,0,0,0,0,0,0,0,0,0,0,1,0.807,0.191,0,-11.592,0,0.508,0.824,0.0,0.103,0.766,0,0,0,1,0,0,0,0,0,0,0,0,0,1,0,french
0,0,0,1,0,0,0,0,0,0,0,0,0,1,0.568,0.357,7,-13.204,1,0.196,0.705,0.0,0.165,0.918,0,0,0,0,0,0,0,0,0,0,1,0,0,0,1,french
0,0,0,0,0,0,1,0,0,1,0,0,0,0,0.54,0.928,4,-6.018,1,0.359,0.701,0.0,0.98,0.464,0,0,0,0,0,0,0,1,0,0,0,0,0,0,1,french
0,0,0,1,0,0,0,0,0,0,0,0,0,1,0.574,0.923,7,-4.205,1,0.0634,0.00201,0.0,0.0515,0.651,0,0,0,0,0,0,0,0,0,0,1,0,0,0,1,french
1,0,0,0,0,0,0,0,0,0,0,0,0,1,0.672,0.721,4,-9.655,0,0.0622,0.737,0.0383,0.122,0.798,0,0,0,0,0,0,0,1,0,0,0,0,0,0,1,french
1,0,0,0,0,0,0,0,0,0,0,0,0,1,0.572,0.301,9,-9.403,0,0.04,0.679,0.0,0.277,0.528,1,0,0,0,0,0,0,0,0,0,0,0,0,0,1,french
1,0,0,0,0,0,0,0,0,0,0,0,0,1,0.41,0.696,11,-6.744,0,0.0466,0.196,0.0,0.331,0.537,0,0,1,0,0,0,0,0,0,0,0,0,0,0,1,french
0,0,1,0,0,0,0,0,0,0,0,0,0,1,0.643,0.184,11,-13.165,0,0.111,0.669,1.07e-05,0.101,0.553,0,0,1,0,0,0,0,0,0,0,0,0,0,0,1,french
0,1,0,0,0,0,0,0,0,0,0,0,1,0,0.809,0.866,10,-2.766,0,0.0863,0.22,0.0,0.0875,0.868,0,1,0,0,0,0,0,0,0,0,0,0,0,0,1,french
1,0,0,0,0,0,0,0,0,0,0,0,0,1,0.455,0.0748,2,-20.045,0,0.0433,0.98,0.000136,0.0969,0.157,0,0,0,0,0,1,0,0,0,0,0,0,0,0,1,french
