Shape_['0'],"Shape_['1', '0']","Shape_['1', 'b', '0']","Shape_['1', 'b']",Shape_['1'],"Shape_['b', '0']",Shape_['b'],"Color_['#', '0']",Color_['#'],"Color_['0', '#']",Color_['0'],"Color_['1', 'b']",Color_['1'],Color_['b'],Color_[],danceability,energy,key,loudness,mode,speechiness,acousticness,instrumentalness,liveness,valence,A,A#/Bb,B,C,C#/Db,D,D#/Eb,E,F,F#/Gb,G,G#/Ab,1,3,4,5,Genre
0,0,0,0,1,0,0,0,0,0,0,0,0,1,0,0.65,0.637,9,-6.195,1,0.0369,0.0814,0.000607,0.51,0.575,1,0,0,0,0,0,0,0,0,0,0,0,0,0,1,0,hip hop
0,0,0,0,0,1,0,0,0,0,0,0,0,0,1,0.784,0.43,10,-8.756,0,0.0364,0.123,0.0,0.0887,0.236,0,1,0,0,0,0,0,0,0,0,0,0,0,0,1,0,hip hop
0,0,0,0,0,1,0,0,0,0,0,0,0,0,1,0.794,0.32,1,-12.92,0,0.173,0.853,0.134,0.112,0.241,0,0,0,0,1,0,0,0,0,0,0,0,0,0,1,0,hip hop
0,0,0,0,0,1,0,0,0,0,0,0,0,0,1,0.621,0.601,6,-5.616,0,0.148,0.0522,0.0,0.46,0.457,0,0,0,0,0,0,0,0,0,1,0,0,0,0,0,1,hip hop
0,0,0,0,0,1,0,0,0,0,0,0,0,0,1,0.803,0.759,7,-4.692,0,0.0494,0.00509,0.0,0.0921,0.284,0,0,0,0,0,0,0,0,0,0,1,0,0,0,1,0,hip hop
0,0,0,0,0,1,0,0,0,0,0,0,0,0,1,0.823,0.556,5,-5.883,0,0.118,0.34,0.00121,0.084,0.879,0,0,0,0,0,0,0,0,1,0,0,0,0,0,1,0,hip hop
0,0,0,0,1,0,0,0,0,0,1,0,0,0,0,0.878,0.619,6,-5.56,1,0.102,0.0533,0.0,0.113,0.639,0,0,0,0,0,0,0,0,0,1,0,0,0,0,1,0,hip hop
0,0,0,0,1,0,0,0,1,0,0,0,0,0,0,0.843,0.391,2,-7.899,1,0.0845,0.181,0.0,0.137,0.496,0,0,0,0,0,1,0,0,0,0,0,0,0,0,1,0,hip hop
0,0,0,0,0,1,0,0,0,0,0,0,0,0,1,0.703,0.594,5,-6.146,0,0.0752,0.342,0.0,0.123,0.475,0,0,0,0,0,0,0,0,1,0,0,0,0,0,1,0,hip hop
0,0,0,0,1,0,0,0,0,0,0,0,0,1,0,0.704,0.758,0,-3.537,1,0.0402,0.233,0.00144,0.0924,0.534,0,0,0,1,0,0,0,0,0,0,0,0,0,0,1,0,hip hop
1,0,0,0,0,0,0,0,0,0,0,0,0,0,1,0.736,0.369,9,-9.682,0,0.0688,0.334,0.0,0.126,0.235,1,0,0,0,0,0,0,0,0,0,0,0,0,0,1,0,hip hop
0,1,0,0,0,0,0,0,0,0,0,0,0,0,1,0.548,0.653,5,-3.875,1,0.081,0.456,0.0,0.103,0.163,0,0,0,0,0,0,0,0,1,0,0,0,0,0,1,0,hip hop
0,0,0,0,0,1,0,0,0,0,0,0,0,0,1,0.737,0.18,10,-16.781,0,0.102,0.107,2.43e-06,0.0786,0.299,0,1,0,0,0,0,0,0,0,0,0,0,0,1,0,0,hip hop
0,0,0,0,0,1,0,0,0,0,0,0,0,0,1,0.656,0.614,6,-4.973,0,0.102,0.558,0.000862,0.215,0.35,0,0,0,0,0,0,0,0,0,1,0,0,0,0,1,0,hip hop
1,0,0,0,0,0,0,0,0,0,0,0,0,1,0,0.833,0.539,11,-7.399,0,0.178,0.163,2.1e-06,0.101,0.385,0,0,1,0,0,0,0,0,0,0,0,0,0,0,1,0,hip hop
0,0,0,0,0,1,0,0,0,0,0,0,0,0,1,0.778,0.559,6,-7.109,0,0.0776,0.128,0.0,0.399,0.678,0,0,0,0,0,0,0,0,0,1,0,0,1,0,0,0,hip hop
0,0,0,0,1,0,0,0,0,0,1,0,0,0,0,0.667,0.616,11,-10.154,1,0.256,0.137,0.0,0.146,0.759,0,0,1,0,0,0,0,0,0,0,0,0,1,0,0,0,hip hop
0,0,0,0,1,0,0,0,0,0,1,0,0,0,0,0.617,0.684,0,-3.618,1,0.0439,0.0545,0.0,0.104,0.295,0,0,0,1,0,0,0,0,0,0,0,0,0,0,1,0,hip hop
1,0,0,0,0,0,0,0,0,0,0,0,0,0,1,0.499,0.8,1,-2.665,0,0.0502,0.0906,0.0,0.147,0.272,0,0,0,0,1,0,0,0,0,0,0,0,0,0,1,0,hip hop
0,1,0,0,0,0,0,0,0,0,0,0,0,1,0,0.683,0.62,10,-9.029,1,0.188,0.0541,0.0,0.142,0.773,0,1,0,0,0,0,0,0,0,0,0,0,0,0,1,0,hip hop
0,1,0,0,0,0,0,0,0,0,0,0,0,1,0,0.614,0.66,0,-2.848,1,0.0441,0.19,0.0,0.211,0.452,0,0,0,1,0,0,0,0,0,0,0,0,0,0,1,0,hip hop
0,0,0,0,0,1,0,0,0,0,0,0,0,0,1,0.733,0.389,10,-8.468,0,0.0738,0.0513,0.0,0.141,0.244,0,1,0,0,0,0,0,0,0,0,0,0,0,1,0,0,hip hop
1,0,0,0,0,0,0,0,0,0,0,0,1,0,0,0.799,0.526,8,-5.153,1,0.0717,0.334,0.00174,0.0571,0.746,0,0,0,0,0,0,0,0,0,0,0,1,0,0,1,0,hip hop
0,0,0,0,0,1,0,0,0,0,0,0,0,0,1,0.405,0.646,4,-3.206,0,0.0476,0.331,0.0,0.103,0.17,0,0,0,0,0,0,0,1,0,0,0,0,0,0,1,0,hip hop
0,1,0,0,0,0,0,0,0,0,0,0,0,0,1,0.745,0.561,0,-4.869,1,0.0807,0.0758,0.0,0.133,0.449,0,0,0,1,0,0,0,0,0,0,0,0,0,0,1,0,hip hop
0,0,0,0,1,0,0,0,0,0,0,0,0,1,0,0.774,0.573,10,-9.098,1,0.14,0.0132,0.0,0.145,0.4,0,1,0,0,0,0,0,0,0,0,0,0,0,0,1,0,hip hop
0,0,0,1,0,0,0,1,0,0,0,0,0,0,0,0.809,0.545,7,-6.678,1,0.0735,0.392,0.0,0.151,0.244,0,0,0,0,0,0,0,0,0,0,1,0,0,0,1,0,hip hop
0,1,0,0,0,0,0,0,0,0,0,0,0,0,1,0.882,0.602,11,-5.554,1,0.245,0.0177,0.0,0.178,0.43,0,0,1,0,0,0,0,0,0,0,0,0,0,0,1,0,hip hop
0,0,0,0,0,1,0,0,0,0,0,0,0,0,1,0.85,0.516,0,-7.664,0,0.0714,0.763,0.0,0.0896,0.874,0,0,0,1,0,0,0,0,0,0,0,0,0,0,1,0,hip hop
0,1,0,0,0,0,0,0,0,0,0,0,0,0,1,0.687,0.449,2,-10.061,1,0.154,0.109,0.0,0.282,0.229,0,0,0,0,0,1,0,0,0,0,0,0,0,0,1,0,hip hop
0,0,0,0,1,0,0,0,0,0,0,0,0,0,1,0.731,0.65,0,-5.286,1,0.271,0.107,0.0,0.124,0.605,0,0,0,1,0,0,0,0,0,0,0,0,0,0,1,0,hip hop
0,0,0,0,1,0,0,0,0,0,0,0,0,0,1,0.835,0.462,7,-6.227,1,0.155,0.513,0.0,0.0875,0.702,0,0,0,0,0,0,0,0,0,0,1,0,0,0,1,0,hip hop
0,0,0,0,0,1,0,0,0,0,0,0,0,0,1,0.803,0.515,6,-8.758,0,0.127,0.286,0.0,0.115,0.2,0,0,0,0,0,0,0,0,0,1,0,0,0,0,1,0,hip hop
0,1,0,0,0,0,0,0,0,0,0,0,0,0,1,0.574,0.788,10,-6.778,1,0.0638,0.0156,0.0,0.37,0.34,0,1,0,0,0,0,0,0,0,0,0,0,0,0,1,0,hip hop
0,0,0,0,0,1,0,0,0,0,0,0,0,0,1,0.643,0.594,9,-5.191,0,0.0312,0.0695,1.46e-05,0.115,0.195,1,0,0,0,0,0,0,0,0,0,0,0,0,0,1,0,hip hop
0,0,0,0,1,0,0,0,0,0,1,0,0,0,0,0.638,0.539,10,-5.853,1,0.0504,0.22,0.0,0.241,0.247,0,1,0,0,0,0,0,0,0,0,0,0,0,0,1,0,hip hop
0,1,0,0,0,0,0,0,0,0,0,0,0,0,1,0.76,0.568,9,-3.92,1,0.0558,0.505,0.0,0.107,0.414,1,0,0,0,0,0,0,0,0,0,0,0,0,0,1,0,hip hop
0,0,0,0,0,1,0,0,0,0,0,0,0,0,1,0.83,0.602,7,-5.964,0,0.0681,0.155,0.0,0.122,0.714,0,0,0,0,0,0,0,0,0,0,1,0,0,0,1,0,hip hop
0,0,0,0,0,1,0,0,0,0,0,0,0,0,1,0.773,0.836,9,-2.326,0,0.153,0.283,2.1e-05,0.0828,0.497,1,0,0,0,0,0,0,0,0,0,0,0,0,0,1,0,hip hop
1,0,0,0,0,0,0,0,0,0,0,0,0,0,1,0.686,0.609,9,-6.784,0,0.165,0.142,0.0,0.0631,0.737,1,0,0,0,0,0,0,0,0,0,0,0,0,0,1,0,hip hop
0,1,0,0,0,0,0,0,0,0,0,0,0,0,1,0.648,0.701,10,-3.546,1,0.186,0.417,9.9e-06,0.103,0.588,0,1,0,0,0,0,0,0,0,0,0,0,0,0,1,0,hip hop
0,0,0,0,0,1,0,0,0,0,0,0,0,0,1,0.866,0.53,0,-6.347,0,0.0495,0.517,0.00159,0.0946,0.203,0,0,0,1,0,0,0,0,0,0,0,0,0,0,1,0,hip hop
0,0,0,0,0,1,0,0,0,0,0,0,0,0,1,0.932,0.547,0,-7.787,0,0.333,0.0388,0.0,0.0924,0.695,0,0,0,1,0,0,0,0,0,0,0,0,0,0,1,0,hip hop
0,0,0,0,0,1,0,0,0,0,0,0,0,0,1,0.73,0.485,1,-5.808,0,0.0404,0.0883,0.0,0.0776,0.282,0,0,0,0,1,0,0,0,0,0,0,0,0,0,1,0,hip hop
0,0,0,1,0,0,0,1,0,0,0,0,0,0,0,0.442,0.737,7,-5.046,1,0.109,0.0589,0.0,0.102,0.21,0,0,0,0,0,0,0,0,0,0,1,0,0,0,0,1,hip hop
0,1,0,0,0,0,0,0,0,0,0,0,0,0,1,0.542,0.674,6,-4.169,1,0.21,0.0588,0.0,0.0955,0.667,0,0,0,0,0,0,0,0,0,1,0,0,0,0,1,0,hip hop
0,0,0,0,0,1,0,0,0,0,0,0,0,0,1,0.623,0.608,1,-5.937,0,0.0434,0.426,0.0,0.105,0.263,0,0,0,0,1,0,0,0,0,0,0,0,0,0,1,0,hip hop
0,0,0,0,0,1,0,0,0,0,0,0,0,0,1,0.68,0.669,2,-5.621,0,0.191,0.107,0.0,0.112,0.429,0,0,0,0,0,1,0,0,0,0,0,0,0,0,1,0,hip hop
1,0,0,0,0,0,0,0,0,0,0,0,1,0,0,0.704,0.718,0,-7.042,1,0.12,0.308,0.0,0.342,0.437,0,0,0,1,0,0,0,0,0,0,0,0,0,0,1,0,hip hop
0,0,0,0,1,0,0,0,0,0,0,0,0,0,1,0.63,0.63,9,-6.211,1,0.0395,0.0131,0.0,0.142,0.163,1,0,0,0,0,0,0,0,0,0,0,0,0,0,1,0,hip hop
0,0,0,0,0,1,0,0,0,0,0,0,0,0,1,0.672,0.684,9,-5.682,0,0.316,0.125,0.0261,0.183,0.62,1,0,0,0,0,0,0,0,0,0,0,0,0,1,0,0,hip hop
0,0,0,0,0,1,0,0,0,0,0,0,0,0,1,0.668,0.892,5,-3.001,0,0.0645,0.298,0.0,0.735,0.478,0,0,0,0,0,0,0,0,1,0,0,0,0,0,1,0,hip hop
0,1,0,0,0,0,0,0,0,0,0,0,0,0,1,0.671,0.485,10,-7.423,1,0.0504,0.266,0.0,0.172,0.415,0,1,0,0,0,0,0,0,0,0,0,0,0,0,1,0,hip hop
1,0,0,0,0,0,0,0,0,0,0,0,0,1,0,0.801,0.723,7,-5.595,0,0.0456,0.242,0.0,0.106,0.599,0,0,0,0,0,0,0,0,0,0,1,0,0,0,1,0,hip hop
0,1,0,0,0,0,0,0,0,0,0,0,0,0,1,0.746,0.559,5,-4.008,1,0.0316,0.703,0.0,0.148,0.368,0,0,0,0,0,0,0,0,1,0,0,0,0,0,1,0,hip hop
0,0,0,0,0,1,0,0,0,0,0,0,0,0,1,0.761,0.847,11,-9.521,0,0.377,0.684,0.0,0.115,0.82,0,0,1,0,0,0,0,0,0,0,0,0,0,0,1,0,hip hop
0,0,0,1,0,0,0,0,1,0,0,0,0,0,0,0.918,0.837,1,-6.792,1,0.255,0.234,0.0,0.227,0.855,0,0,0,0,1,0,0,0,0,0,0,0,0,0,1,0,hip hop
0,0,0,0,0,1,0,0,0,0,0,0,0,0,1,0.734,0.632,4,-4.693,0,0.0321,0.0224,0.000547,0.115,0.191,0,0,0,0,0,0,0,1,0,0,0,0,0,0,1,0,hip hop
0,1,0,0,0,0,0,0,0,0,0,0,0,0,1,0.721,0.512,6,-6.579,1,0.147,0.112,0.0,0.0911,0.709,0,0,0,0,0,0,0,0,0,1,0,0,0,0,1,0,hip hop
0,0,0,0,1,0,0,0,0,0,0,0,0,1,0,0.695,0.762,0,-3.497,1,0.0395,0.192,0.00244,0.0863,0.553,0,0,0,1,0,0,0,0,0,0,0,0,0,0,1,0,hip hop
0,1,0,0,0,0,0,0,0,0,0,0,0,0,1,0.677,0.714,11,-5.637,1,0.0287,0.162,0.0,0.0717,0.355,0,0,1,0,0,0,0,0,0,0,0,0,0,0,1,0,hip hop
0,1,0,0,0,0,0,0,0,0,0,0,0,0,1,0.872,0.579,0,-6.149,1,0.113,0.0699,2.38e-06,0.116,0.483,0,0,0,1,0,0,0,0,0,0,0,0,0,0,1,0,hip hop
0,1,0,0,0,0,0,0,0,0,0,0,0,0,1,0.532,0.66,7,-7.138,1,0.0825,0.105,0.000222,0.0996,0.676,0,0,0,0,0,0,0,0,0,0,1,0,0,0,1,0,hip hop
0,1,0,0,0,0,0,0,0,0,0,0,0,0,1,0.851,0.673,1,-5.405,1,0.257,0.0452,0.0,0.314,0.776,0,0,0,0,1,0,0,0,0,0,0,0,0,0,1,0,hip hop
1,0,0,0,0,0,0,0,0,0,0,0,0,1,0,0.855,0.423,5,-15.044,0,0.0585,0.724,0.469,0.0896,0.572,0,0,0,0,0,0,0,0,1,0,0,0,0,0,1,0,hip hop
0,0,1,0,0,0,0,0,0,0,0,0,0,0,1,0.632,0.732,6,-3.498,1,0.092,0.105,1.15e-05,0.111,0.317,0,0,0,0,0,0,0,0,0,1,0,0,0,0,1,0,hip hop
0,0,0,0,0,1,0,0,0,0,0,0,0,0,1,0.602,0.726,5,-4.856,0,0.129,0.382,0.0,0.0691,0.554,0,0,0,0,0,0,0,0,1,0,0,0,0,0,1,0,hip hop
0,0,0,0,0,1,0,0,0,0,0,0,0,0,1,0.75,0.476,7,-7.864,0,0.0412,0.0593,0.0,0.199,0.123,0,0,0,0,0,0,0,0,0,0,1,0,0,0,1,0,hip hop
0,0,0,0,0,1,0,0,0,0,0,0,0,0,1,0.939,0.305,8,-10.952,0,0.354,0.35,0.000169,0.105,0.563,0,0,0,0,0,0,0,0,0,0,0,1,0,0,1,0,hip hop
0,0,0,0,1,0,0,0,0,0,1,0,0,0,0,0.857,0.427,8,-8.638,1,0.112,0.281,0.0,0.108,0.366,0,0,0,0,0,0,0,0,0,0,0,1,0,0,1,0,hip hop
0,0,0,0,0,1,0,0,0,0,0,0,0,0,1,0.802,0.802,7,-3.803,0,0.0677,0.28,1.15e-06,0.11,0.527,0,0,0,0,0,0,0,0,0,0,1,0,0,0,1,0,hip hop
0,0,0,0,1,0,0,0,0,0,1,0,0,0,0,0.881,0.742,0,-3.736,1,0.0535,0.14,2.49e-06,0.156,0.432,0,0,0,1,0,0,0,0,0,0,0,0,0,0,1,0,hip hop
0,0,0,0,0,1,0,0,0,0,0,0,0,0,1,0.648,0.713,9,-4.696,0,0.855,0.184,0.0,0.145,0.627,1,0,0,0,0,0,0,0,0,0,0,0,0,0,1,0,hip hop
0,0,0,0,0,1,0,0,0,0,0,0,0,0,1,0.676,0.609,2,-5.831,0,0.481,0.0706,0.0,0.152,0.508,0,0,0,0,0,1,0,0,0,0,0,0,0,0,1,0,hip hop
0,0,0,0,0,1,0,0,0,0,0,0,0,0,1,0.726,0.554,5,-5.29,0,0.0917,0.0421,0.0,0.106,0.335,0,0,0,0,0,0,0,0,1,0,0,0,0,0,1,0,hip hop
0,1,0,0,0,0,0,0,0,0,0,0,0,0,1,0.569,0.687,8,-5.611,1,0.168,0.354,0.0,0.118,0.495,0,0,0,0,0,0,0,0,0,0,0,1,0,0,1,0,hip hop
0,0,0,0,0,1,0,0,0,0,0,0,0,0,1,0.789,0.564,1,-9.513,0,0.166,0.17,1.03e-05,0.138,0.52,0,0,0,0,1,0,0,0,0,0,0,0,0,0,1,0,hip hop
0,0,0,0,0,1,0,0,0,0,0,0,0,0,1,0.686,0.541,0,-4.993,0,0.0493,0.042,0.0,0.0675,0.724,0,0,0,1,0,0,0,0,0,0,0,0,0,0,1,0,hip hop
1,0,0,0,0,0,0,0,0,0,0,1,0,0,0,0.732,0.463,11,-6.972,0,0.0287,0.374,0.0,0.194,0.397,0,0,1,0,0,0,0,0,0,0,0,0,0,0,1,0,hip hop
0,0,0,0,1,0,0,0,0,0,0,0,0,0,1,0.679,0.617,0,-5.328,1,0.12,0.19,0.0,0.0798,0.665,0,0,0,1,0,0,0,0,0,0,0,0,0,0,1,0,hip hop
0,1,0,0,0,0,0,0,0,0,0,0,0,0,1,0.648,0.859,7,-3.697,1,0.0301,0.189,0.0185,0.117,0.363,0,0,0,0,0,0,0,0,0,0,1,0,0,0,1,0,hip hop
1,0,0,0,0,0,0,0,0,0,0,0,0,1,0,0.762,0.383,5,-10.098,0,0.202,0.349,0.0,0.127,0.44,0,0,0,0,0,0,0,0,1,0,0,0,0,0,1,0,hip hop
0,0,0,0,1,0,0,0,0,0,0,0,0,0,1,0.669,0.683,2,-5.17,1,0.054,0.278,0.0,0.268,0.579,0,0,0,0,0,1,0,0,0,0,0,0,0,0,1,0,hip hop
0,0,0,0,0,1,0,0,0,0,0,0,0,0,1,0.725,0.571,9,-6.379,0,0.0762,0.0555,0.0,0.229,0.324,1,0,0,0,0,0,0,0,0,0,0,0,0,0,1,0,hip hop
0,0,0,0,0,1,0,0,0,0,0,0,0,0,1,0.703,0.557,4,-6.798,0,0.0438,0.0116,9.85e-05,0.12,0.127,0,0,0,0,0,0,0,1,0,0,0,0,0,0,1,0,hip hop
0,0,0,0,0,1,0,0,0,0,0,0,0,0,1,0.764,0.528,5,-4.082,0,0.0588,0.468,0.0,0.0811,0.422,0,0,0,0,0,0,0,0,1,0,0,0,0,0,0,1,hip hop
0,1,0,0,0,0,0,0,0,0,0,0,0,0,1,0.76,0.479,2,-5.574,1,0.0466,0.556,0.0,0.0703,0.913,0,0,0,0,0,1,0,0,0,0,0,0,0,0,1,0,hip hop
0,1,0,0,0,0,0,0,0,0,0,0,0,0,1,0.543,0.492,7,-7.432,1,0.156,0.0739,0.0,0.11,0.107,0,0,0,0,0,0,0,0,0,0,1,0,0,0,1,0,hip hop
1,0,0,0,0,0,0,0,0,0,0,0,0,1,0,0.745,0.718,9,-4.853,0,0.183,0.197,0.0,0.134,0.539,1,0,0,0,0,0,0,0,0,0,0,0,0,0,1,0,hip hop
1,0,0,0,0,0,0,0,0,0,0,0,0,1,0,0.825,0.652,1,-3.183,0,0.0802,0.581,0.0,0.0931,0.931,0,0,0,0,1,0,0,0,0,0,0,0,0,0,1,0,hip hop
0,1,0,0,0,0,0,0,0,0,0,0,0,0,1,0.764,0.396,8,-8.566,1,0.159,0.227,7.54e-05,0.12,0.475,0,0,0,0,0,0,0,0,0,0,0,1,0,0,1,0,hip hop
0,1,0,0,0,0,0,0,0,0,0,0,0,0,1,0.6,0.478,8,-10.259,1,0.0378,0.0862,0.00221,0.214,0.0983,0,0,0,0,0,0,0,0,0,0,0,1,0,0,1,0,hip hop
0,0,0,0,0,1,0,0,0,0,0,0,0,0,1,0.406,0.372,4,-7.936,0,0.0465,0.789,2.2e-05,0.1,0.343,0,0,0,0,0,0,0,1,0,0,0,0,0,0,1,0,hip hop
0,0,0,0,1,0,0,0,0,0,0,0,0,0,1,0.692,0.815,7,-6.025,1,0.0663,0.0543,0.0,0.333,0.843,0,0,0,0,0,0,0,0,0,0,1,0,0,0,1,0,hip hop
1,0,0,0,0,0,0,0,0,0,0,0,0,0,1,0.68,0.313,3,-13.672,0,0.0347,0.582,0.0,0.19,0.405,0,0,0,0,0,0,1,0,0,0,0,0,0,0,1,0,hip hop
0,0,0,0,1,0,0,0,0,1,0,0,0,0,0,0.617,0.539,1,-9.286,1,0.0847,0.0131,4.02e-06,0.31,0.39,0,0,0,0,1,0,0,0,0,0,0,0,0,0,1,0,hip hop
0,1,0,0,0,0,0,0,0,0,0,0,0,0,1,0.746,0.559,1,-6.948,1,0.063,0.0406,0.0,0.096,0.433,0,0,0,0,1,0,0,0,0,0,0,0,0,0,1,0,hip hop
0,0,0,0,1,0,0,0,0,0,0,0,0,0,1,0.685,0.692,2,-5.122,1,0.0457,0.328,0.0,0.153,0.578,0,0,0,0,0,1,0,0,0,0,0,0,0,0,0,1,hip hop
0,1,0,0,0,0,0,0,0,0,0,0,0,0,1,0.792,0.778,1,-4.342,1,0.126,0.0805,0.0,0.104,0.562,0,0,0,0,1,0,0,0,0,0,0,0,0,0,1,0,hip hop
0,0,0,0,0,0,1,0,0,0,1,0,0,0,0,0.669,0.557,8,-8.835,0,0.0498,0.0574,0.0,0.0662,0.553,0,0,0,0,0,0,0,0,0,0,0,1,0,0,1,0,hip hop
