"Shape_['#', '1', 'b']","Shape_['0', 'b']",Shape_['0'],"Shape_['1', '#', '0', 'b']","Shape_['1', '0', 'b']","Shape_['1', '0']","Shape_['1', 'b', '0']","Shape_['1', 'b']",Shape_['1'],"Shape_['b', '1', '0']",Shape_['b'],"Color_['#', 'b']",Color_['#'],"Color_['0', 'b']",Color_['0'],"Color_['1', '0']",Color_['1'],"Color_['b', '0']",Color_['b'],Color_[],danceability,energy,key,loudness,mode,speechiness,acousticness,instrumentalness,liveness,valence,A,A#/Bb,B,C,C#/Db,D,D#/Eb,E,F,F#/Gb,G,G#/Ab,3,4,5,Genre
0,1,0,0,0,0,0,0,0,0,0,0,0,0,0,0,0,0,0,1,0.604,0.951,5,-5.7,0,0.0689,0.029,0.0323,0.139,0.41,0,0,0,0,0,0,0,0,1,0,0,0,0,1,0,industrial pop
0,0,0,0,0,0,0,0,0,0,1,0,0,0,1,0,0,0,0,0,0.601,0.952,11,-4.713,0,0.031,0.00292,0.0,0.0429,0.955,0,0,1,0,0,0,0,0,0,0,0,0,0,1,0,industrial pop
0,1,0,0,0,0,0,0,0,0,0,0,0,0,0,0,0,0,0,1,0.613,0.912,6,-2.332,0,0.0302,0.00356,0.125,0.12,0.736,0,0,0,0,0,0,0,0,0,1,0,0,0,1,0,industrial pop
0,0,0,0,0,0,0,0,1,0,0,0,0,0,0,0,0,0,1,0,0.69,0.821,0,-4.581,1,0.05,0.011,0.00342,0.433,0.439,0,0,0,1,0,0,0,0,0,0,0,0,0,1,0,industrial pop
0,1,0,0,0,0,0,0,0,0,0,0,0,0,0,0,0,0,0,1,0.594,0.963,10,-4.027,0,0.168,0.00101,0.14,0.0696,0.504,0,1,0,0,0,0,0,0,0,0,0,0,0,1,0,industrial pop
0,0,0,0,0,0,0,0,1,0,0,0,0,0,0,0,0,0,0,1,0.76,0.935,2,-2.914,1,0.0385,0.00393,0.338,0.117,0.199,0,0,0,0,0,1,0,0,0,0,0,0,0,1,0,industrial pop
0,0,0,0,0,0,0,0,1,0,0,0,0,0,1,0,0,0,0,0,0.545,0.791,7,-5.716,1,0.0318,8.23e-06,0.0246,0.12,0.27,0,0,0,0,0,0,0,0,0,0,1,0,0,1,0,industrial pop
0,0,0,0,0,0,0,0,1,0,0,0,0,0,0,0,0,0,0,1,0.316,0.485,5,-7.821,1,0.0275,0.087,7.01e-05,0.155,0.123,0,0,0,0,0,0,0,0,1,0,0,0,0,1,0,industrial pop
0,0,0,0,0,1,0,0,0,0,0,0,0,0,0,0,0,0,1,0,0.445,0.922,11,-5.481,1,0.0591,0.000557,0.0599,0.0975,0.34,0,0,1,0,0,0,0,0,0,0,0,0,0,1,0,industrial pop
0,0,0,0,1,0,0,0,0,0,0,0,1,0,0,0,0,0,0,0,0.532,0.88,1,-5.582,1,0.0464,0.00224,0.00032,0.33,0.125,0,0,0,0,1,0,0,0,0,0,0,0,0,1,0,industrial pop
0,0,0,0,0,0,0,1,0,0,0,0,0,0,1,0,0,0,0,0,0.638,0.52,4,-13.77,1,0.0396,0.0366,0.000744,0.334,0.422,0,0,0,0,0,0,0,1,0,0,0,0,0,1,0,industrial pop
0,0,1,0,0,0,0,0,0,0,0,0,0,0,0,0,0,0,1,0,0.435,0.819,1,-6.597,0,0.0652,0.00994,0.00345,0.312,0.416,0,0,0,0,1,0,0,0,0,0,0,0,0,1,0,industrial pop
0,0,0,0,0,0,1,0,0,0,0,0,0,0,0,0,0,0,0,1,0.478,0.884,0,-5.866,1,0.123,0.0957,1.06e-06,0.157,0.207,0,0,0,1,0,0,0,0,0,0,0,0,0,1,0,industrial pop
0,1,0,0,0,0,0,0,0,0,0,0,0,0,0,0,0,0,0,1,0.443,0.797,2,-2.472,0,0.0303,0.000274,0.00037,0.0789,0.145,0,0,0,0,0,1,0,0,0,0,0,0,0,1,0,industrial pop
0,0,0,0,0,0,0,0,1,0,0,0,0,0,0,0,0,0,0,1,0.778,0.713,2,-5.08,1,0.0475,0.00506,0.165,0.132,0.429,0,0,0,0,0,1,0,0,0,0,0,0,0,1,0,industrial pop
0,0,0,0,0,0,0,0,1,0,0,0,0,0,1,0,0,0,0,0,0.525,0.78,7,-8.145,1,0.0323,0.00728,0.00245,0.121,0.283,0,0,0,0,0,0,0,0,0,0,1,0,0,1,0,industrial pop
0,1,0,0,0,0,0,0,0,0,0,0,0,0,0,0,0,0,0,1,0.481,0.85,11,-3.877,0,0.0459,0.173,1.22e-06,0.322,0.113,0,0,1,0,0,0,0,0,0,0,0,0,0,1,0,industrial pop
0,0,0,0,0,0,0,0,1,0,0,0,0,0,1,0,0,0,0,0,0.586,0.914,0,-4.311,1,0.0891,0.067,0.000302,0.104,0.383,0,0,0,1,0,0,0,0,0,0,0,0,0,1,0,industrial pop
0,0,0,0,1,0,0,0,0,0,0,0,0,0,0,0,0,0,0,1,0.57,0.941,11,-4.783,0,0.0473,0.0287,0.000504,0.172,0.723,0,0,1,0,0,0,0,0,0,0,0,0,0,1,0,industrial pop
0,0,0,0,0,1,0,0,0,0,0,0,0,0,0,0,0,0,0,1,0.603,0.805,11,-4.266,1,0.0287,0.000178,0.00013,0.414,0.273,0,0,1,0,0,0,0,0,0,0,0,0,0,1,0,industrial pop
0,0,0,0,0,1,0,0,0,0,0,0,0,0,0,0,0,0,0,1,0.354,0.845,8,-4.56,1,0.0514,0.00891,0.0,0.361,0.301,0,0,0,0,0,0,0,0,0,0,0,1,1,0,0,industrial pop
0,1,0,0,0,0,0,0,0,0,0,0,0,0,0,0,1,0,0,0,0.565,0.798,11,-8.295,0,0.087,0.00146,0.0201,0.33,0.433,0,0,1,0,0,0,0,0,0,0,0,0,0,1,0,industrial pop
0,0,0,0,0,1,0,0,0,0,0,0,0,0,0,0,0,0,0,1,0.528,0.969,9,-5.569,1,0.0552,0.0132,0.0126,0.0868,0.483,1,0,0,0,0,0,0,0,0,0,0,0,0,1,0,industrial pop
0,0,0,0,0,1,0,0,0,0,0,0,0,0,0,0,0,0,0,1,0.794,0.538,9,-6.478,1,0.251,0.00936,0.000199,0.0627,0.445,1,0,0,0,0,0,0,0,0,0,0,0,0,1,0,industrial pop
0,1,0,0,0,0,0,0,0,0,0,0,0,0,0,0,0,0,0,1,0.447,0.782,5,-4.056,0,0.0533,0.000965,3.2e-05,0.597,0.0956,0,0,0,0,0,0,0,0,1,0,0,0,0,1,0,industrial pop
0,0,0,0,0,0,0,0,1,0,0,0,0,0,0,0,0,1,0,0,0.616,0.899,6,-4.574,1,0.0671,0.013,0.0688,0.0894,0.91,0,0,0,0,0,0,0,0,0,1,0,0,0,1,0,industrial pop
0,1,0,0,0,0,0,0,0,0,0,0,0,0,0,0,0,0,0,1,0.423,0.758,10,-6.501,0,0.0483,0.0062,0.0,0.127,0.348,0,1,0,0,0,0,0,0,0,0,0,0,0,1,0,industrial pop
0,0,0,0,0,0,0,0,1,0,0,0,0,0,1,0,0,0,0,0,0.678,0.676,2,-5.367,1,0.036,0.000219,6.43e-06,0.0371,0.608,0,0,0,0,0,1,0,0,0,0,0,0,0,1,0,industrial pop
0,0,0,0,0,1,0,0,0,0,0,0,0,0,0,0,0,0,1,0,0.628,0.692,2,-5.64,1,0.202,0.00244,0.013,0.668,0.0964,0,0,0,0,0,1,0,0,0,0,0,0,0,0,1,industrial pop
0,1,0,0,0,0,0,0,0,0,0,0,0,0,0,0,0,0,0,1,0.698,0.777,9,-4.496,0,0.0468,0.00168,0.0,0.435,0.66,1,0,0,0,0,0,0,0,0,0,0,0,0,1,0,industrial pop
0,0,0,0,0,1,0,0,0,0,0,0,1,0,0,0,0,0,0,0,0.573,0.73,7,-10.516,1,0.0364,0.00263,0.295,0.0429,0.742,0,0,0,0,0,0,0,0,0,0,1,0,0,1,0,industrial pop
0,0,1,0,0,0,0,0,0,0,0,0,0,0,0,0,0,0,0,1,0.69,0.722,6,-5.726,0,0.0366,0.168,0.0406,0.0815,0.927,0,0,0,0,0,0,0,0,0,1,0,0,0,1,0,industrial pop
0,0,0,0,0,0,0,0,1,0,0,0,0,0,1,0,0,0,0,0,0.459,0.689,7,-7.172,1,0.029,4.2e-05,0.00509,0.26,0.287,0,0,0,0,0,0,0,0,0,0,1,0,0,1,0,industrial pop
0,0,1,0,0,0,0,0,0,0,0,0,0,0,0,0,0,0,1,0,0.69,0.667,0,-8.217,0,0.0488,0.00106,0.821,0.53,0.435,0,0,0,1,0,0,0,0,0,0,0,0,0,1,0,industrial pop
0,0,0,0,0,0,0,1,0,0,0,0,0,0,1,0,0,0,0,0,0.326,0.618,1,-3.346,1,0.0661,0.000722,0.00615,0.104,0.305,0,0,0,0,1,0,0,0,0,0,0,0,0,0,1,industrial pop
1,0,0,0,0,0,0,0,0,0,0,0,0,0,0,0,0,0,0,1,0.562,0.9,3,-3.862,1,0.181,0.00193,0.000102,0.831,0.672,0,0,0,0,0,0,1,0,0,0,0,0,0,1,0,industrial pop
0,0,0,0,0,1,0,0,0,0,0,0,0,0,0,0,0,0,0,1,0.518,0.655,8,-6.255,1,0.0826,0.381,0.0,0.271,0.29,0,0,0,0,0,0,0,0,0,0,0,1,0,1,0,industrial pop
0,1,0,0,0,0,0,0,0,0,0,0,0,0,0,0,0,0,0,1,0.608,0.469,9,-3.182,0,0.325,0.487,0.0,0.28,0.515,1,0,0,0,0,0,0,0,0,0,0,0,0,1,0,industrial pop
0,1,0,0,0,0,0,0,0,0,0,0,0,0,0,0,0,0,0,1,0.641,0.867,10,-7.27,0,0.0466,0.0114,0.498,0.103,0.497,0,1,0,0,0,0,0,0,0,0,0,0,0,1,0,industrial pop
0,0,0,0,0,1,0,0,0,0,0,0,0,0,0,0,0,0,0,1,0.654,0.86,1,-3.805,1,0.0398,0.000321,0.468,0.119,0.0532,0,0,0,0,1,0,0,0,0,0,0,0,0,1,0,industrial pop
0,0,0,0,0,0,1,0,0,0,0,0,0,0,0,0,0,0,0,1,0.542,0.974,7,-5.226,1,0.0373,0.00247,0.719,0.0665,0.532,0,0,0,0,0,0,0,0,0,0,1,0,0,1,0,industrial pop
0,1,0,0,0,0,0,0,0,0,0,0,0,0,0,0,0,0,0,1,0.689,0.995,7,-6.092,0,0.0577,0.000551,0.00105,0.173,0.471,0,0,0,0,0,0,0,0,0,0,1,0,0,1,0,industrial pop
0,0,0,0,0,1,0,0,0,0,0,0,0,0,0,0,0,0,0,1,0.73,0.512,1,-5.197,1,0.0709,9.17e-05,0.271,0.247,0.645,0,0,0,0,1,0,0,0,0,0,0,0,0,1,0,industrial pop
0,0,0,0,0,1,0,0,0,0,0,0,0,0,0,0,0,0,0,1,0.575,0.889,9,-5.018,1,0.058,0.062,0.00433,0.199,0.343,1,0,0,0,0,0,0,0,0,0,0,0,0,1,0,industrial pop
0,0,0,0,0,1,0,0,0,0,0,0,0,0,0,0,0,0,0,1,0.492,0.941,8,-5.514,1,0.099,2.13e-05,0.105,0.269,0.133,0,0,0,0,0,0,0,0,0,0,0,1,0,1,0,industrial pop
0,0,0,0,0,0,0,0,1,0,0,0,0,1,0,0,0,0,0,0,0.801,0.669,1,-4.915,1,0.0619,0.0113,0.00909,0.0687,0.69,0,0,0,0,1,0,0,0,0,0,0,0,0,1,0,industrial pop
0,0,0,0,0,0,0,1,0,0,0,0,0,0,1,0,0,0,0,0,0.344,0.894,7,-3.772,1,0.149,0.029,2.12e-06,0.094,0.681,0,0,0,0,0,0,0,0,0,0,1,0,0,1,0,industrial pop
0,0,0,0,0,1,0,0,0,0,0,0,0,0,0,0,0,0,0,1,0.625,0.994,7,-2.351,1,0.194,0.000109,0.169,0.811,0.816,0,0,0,0,0,0,0,0,0,0,1,0,0,1,0,industrial pop
0,1,0,0,0,0,0,0,0,0,0,0,0,0,0,0,0,0,0,1,0.65,0.834,5,-4.561,0,0.0379,0.00941,0.212,0.231,0.0701,0,0,0,0,0,0,0,0,1,0,0,0,0,1,0,industrial pop
0,0,1,0,0,0,0,0,0,0,0,0,0,0,0,0,0,0,1,0,0.585,0.884,10,-4.095,0,0.0428,0.000115,0.223,0.393,0.547,0,1,0,0,0,0,0,0,0,0,0,0,0,1,0,industrial pop
0,0,0,0,0,1,0,0,0,0,0,0,0,0,0,0,0,0,0,1,0.651,0.826,2,-4.806,1,0.0523,0.00784,0.0,0.201,0.198,0,0,0,0,0,1,0,0,0,0,0,0,0,1,0,industrial pop
0,0,0,0,0,1,0,0,0,0,0,0,0,0,0,0,0,0,0,1,0.405,0.856,2,-6.326,1,0.0458,1.25e-05,0.0183,0.243,0.263,0,0,0,0,0,1,0,0,0,0,0,0,0,1,0,industrial pop
0,0,1,0,0,0,0,0,0,0,0,0,0,0,0,0,0,0,1,0,0.654,0.881,9,-5.955,1,0.134,0.00402,0.000861,0.251,0.192,1,0,0,0,0,0,0,0,0,0,0,0,0,1,0,industrial pop
0,0,0,0,0,0,0,0,1,0,0,0,0,0,0,0,0,0,1,0,0.651,0.583,1,-7.798,1,0.0427,0.0244,0.118,0.0969,0.709,0,0,0,0,1,0,0,0,0,0,0,0,0,1,0,industrial pop
0,0,0,0,0,1,0,0,0,0,0,0,1,0,0,0,0,0,0,0,0.723,0.584,1,-7.959,1,0.0371,0.011,0.00215,0.164,0.46,0,0,0,0,1,0,0,0,0,0,0,0,0,1,0,industrial pop
0,0,1,0,0,0,0,0,0,0,0,0,0,0,0,0,0,0,1,0,0.625,0.587,9,-7.095,0,0.0294,3.76e-05,0.852,0.056,0.783,1,0,0,0,0,0,0,0,0,0,0,0,0,1,0,industrial pop
0,1,0,0,0,0,0,0,0,0,0,0,0,0,0,0,0,0,0,1,0.554,0.876,5,-8.655,0,0.0284,0.0103,0.806,0.0822,0.649,0,0,0,0,0,0,0,0,1,0,0,0,0,1,0,industrial pop
0,1,0,0,0,0,0,0,0,0,0,0,0,0,0,0,0,0,0,1,0.685,0.417,8,-9.67,0,0.0485,0.00519,0.434,0.333,0.839,0,0,0,0,0,0,0,0,0,0,0,1,0,1,0,industrial pop
0,1,0,0,0,0,0,0,0,0,0,0,0,0,0,0,0,0,0,1,0.626,0.884,5,-8.918,0,0.0988,0.0198,0.00625,0.295,0.279,0,0,0,0,0,0,0,0,1,0,0,0,0,1,0,industrial pop
0,1,0,0,0,0,0,0,0,0,0,0,0,0,0,0,0,0,0,1,0.47,0.523,9,-7.193,0,0.0263,0.000999,0.00248,0.477,0.0537,1,0,0,0,0,0,0,0,0,0,0,0,0,1,0,industrial pop
0,1,0,0,0,0,0,0,0,0,0,0,0,0,0,0,0,0,0,1,0.552,0.973,3,-6.091,0,0.0646,7.27e-06,0.498,0.099,0.455,0,0,0,0,0,0,1,0,0,0,0,0,0,1,0,industrial pop
0,1,0,0,0,0,0,0,0,0,0,0,0,0,0,0,0,0,0,1,0.518,0.948,6,-5.58,0,0.0683,0.00504,0.104,0.228,0.55,0,0,0,0,0,0,0,0,0,1,0,0,0,1,0,industrial pop
0,0,0,0,0,1,0,0,0,0,0,0,0,0,0,0,0,0,0,1,0.701,0.927,6,-4.733,1,0.0353,6.02e-05,0.00119,0.0626,0.818,0,0,0,0,0,0,0,0,0,1,0,0,0,1,0,industrial pop
0,0,0,0,0,1,0,0,0,0,0,0,0,0,0,0,0,0,0,1,0.618,0.902,0,-6.175,1,0.0676,0.00489,0.00445,0.126,0.452,0,0,0,1,0,0,0,0,0,0,0,0,0,1,0,industrial pop
0,1,0,0,0,0,0,0,0,0,0,0,0,0,0,0,0,0,0,1,0.727,0.878,10,-13.262,0,0.052,0.00561,0.445,0.0398,0.847,0,1,0,0,0,0,0,0,0,0,0,0,0,1,0,industrial pop
0,0,0,0,0,1,0,0,0,0,0,0,0,0,0,0,0,0,0,1,0.588,0.532,7,-12.202,1,0.0583,0.00502,0.00419,0.508,0.212,0,0,0,0,0,0,0,0,0,0,1,0,0,1,0,industrial pop
0,0,0,0,0,0,0,0,1,0,0,0,0,0,0,0,0,0,1,0,0.429,0.68,0,-6.687,1,0.0284,0.0535,0.124,0.0716,0.187,0,0,0,1,0,0,0,0,0,0,0,0,0,1,0,industrial pop
0,0,0,0,0,1,0,0,0,0,0,0,0,0,0,0,0,0,1,0,0.738,0.666,0,-9.038,1,0.0267,0.0745,0.000422,0.303,0.453,0,0,0,1,0,0,0,0,0,0,0,0,0,1,0,industrial pop
0,1,0,0,0,0,0,0,0,0,0,0,0,0,0,0,0,0,0,1,0.652,0.823,10,-3.386,0,0.0417,0.00972,0.0,0.0778,0.655,0,1,0,0,0,0,0,0,0,0,0,0,0,1,0,industrial pop
0,0,0,0,0,0,1,0,0,0,0,0,0,0,0,0,0,0,0,1,0.573,0.844,2,-4.199,1,0.0519,3.6e-05,0.669,0.129,0.287,0,0,0,0,0,1,0,0,0,0,0,0,0,1,0,industrial pop
0,1,0,0,0,0,0,0,0,0,0,0,0,0,0,0,0,0,0,1,0.669,0.722,9,-7.999,0,0.0324,0.00684,0.778,0.0711,0.454,1,0,0,0,0,0,0,0,0,0,0,0,0,1,0,industrial pop
0,1,0,0,0,0,0,0,0,0,0,0,0,0,0,0,0,0,0,1,0.565,0.993,1,-6.236,0,0.0482,0.000556,0.05,0.603,0.475,0,0,0,0,1,0,0,0,0,0,0,0,0,1,0,industrial pop
0,0,0,0,0,0,0,0,1,0,0,1,0,0,0,0,0,0,0,0,0.619,0.981,6,-5.362,1,0.0426,5.02e-05,0.76,0.17,0.808,0,0,0,0,0,0,0,0,0,1,0,0,0,1,0,industrial pop
0,0,0,0,0,0,0,0,1,0,0,0,0,0,1,0,0,0,0,0,0.619,0.845,6,-7.638,1,0.0496,8.39e-05,0.858,0.477,0.501,0,0,0,0,0,0,0,0,0,1,0,0,0,1,0,industrial pop
0,0,0,0,1,0,0,0,0,0,0,0,0,0,0,0,0,0,0,1,0.53,0.688,0,-8.426,1,0.0268,7.71e-06,0.216,0.568,0.164,0,0,0,1,0,0,0,0,0,0,0,0,0,1,0,industrial pop
0,0,0,1,0,0,0,0,0,0,0,0,0,0,0,0,0,0,0,1,0.736,0.775,6,-6.182,1,0.041,0.012,0.0194,0.109,0.534,0,0,0,0,0,0,0,0,0,1,0,0,0,1,0,industrial pop
0,0,0,0,0,0,0,0,0,0,1,0,0,0,0,1,0,0,0,0,0.72,0.466,11,-8.995,0,0.373,0.0408,1.5e-06,0.343,0.305,0,0,1,0,0,0,0,0,0,0,0,0,0,1,0,industrial pop
0,0,1,0,0,0,0,0,0,0,0,0,0,0,0,0,0,0,1,0,0.644,0.892,9,-4.894,0,0.0318,0.00666,0.000115,0.327,0.435,1,0,0,0,0,0,0,0,0,0,0,0,0,1,0,industrial pop
0,0,0,0,0,1,0,0,0,0,0,0,0,0,0,0,0,0,1,0,0.615,0.779,2,-6.454,1,0.135,0.0665,0.0,0.155,0.453,0,0,0,0,0,1,0,0,0,0,0,0,0,1,0,industrial pop
0,0,1,0,0,0,0,0,0,0,0,0,0,0,0,0,0,0,1,0,0.531,0.781,4,-5.971,0,0.0319,0.01,6.63e-06,0.181,0.75,0,0,0,0,0,0,0,1,0,0,0,0,0,1,0,industrial pop
0,0,0,0,0,0,1,0,0,0,0,0,0,0,0,0,0,0,0,1,0.66,0.897,1,-3.416,1,0.155,0.0108,0.000481,0.141,0.493,0,0,0,0,1,0,0,0,0,0,0,0,0,1,0,industrial pop
0,0,0,0,1,0,0,0,0,0,0,0,0,0,0,0,0,0,0,1,0.539,0.731,0,-4.718,1,0.0687,0.0379,0.0,0.0389,0.542,0,0,0,1,0,0,0,0,0,0,0,0,0,1,0,industrial pop
0,0,0,0,0,0,0,0,0,1,0,0,0,0,0,0,0,0,0,1,0.725,0.618,6,-8.172,1,0.0703,0.127,0.897,0.456,0.332,0,0,0,0,0,0,0,0,0,1,0,0,0,1,0,industrial pop
0,0,0,0,0,0,0,0,1,0,0,0,0,0,0,0,0,0,1,0,0.566,0.941,7,-4.253,1,0.0361,0.00987,0.000418,0.0726,0.397,0,0,0,0,0,0,0,0,0,0,1,0,0,1,0,industrial pop
0,0,0,0,0,0,0,1,0,0,0,0,0,0,0,0,0,0,0,1,0.618,0.699,1,-4.826,1,0.0506,0.000429,0.0175,0.0531,0.38,0,0,0,0,1,0,0,0,0,0,0,0,0,1,0,industrial pop
0,0,0,0,0,0,1,0,0,0,0,0,0,0,0,0,0,0,0,1,0.923,0.549,6,-5.562,1,0.0745,0.0011,0.0154,0.0959,0.453,0,0,0,0,0,0,0,0,0,1,0,0,0,1,0,industrial pop
0,0,0,0,0,1,0,0,0,0,0,0,0,0,0,0,0,0,0,1,0.621,0.576,9,-7.401,1,0.0324,0.0362,0.0,0.117,0.379,1,0,0,0,0,0,0,0,0,0,0,0,0,1,0,industrial pop
0,0,0,0,0,1,0,0,0,0,0,1,0,0,0,0,0,0,0,0,0.591,0.834,0,-8.797,1,0.0475,0.0237,0.00343,0.347,0.283,0,0,0,1,0,0,0,0,0,0,0,0,0,1,0,industrial pop
0,0,0,0,0,1,0,0,0,0,0,0,0,0,0,0,0,0,0,1,0.502,0.934,1,-7.936,1,0.0736,6.51e-05,0.000187,0.383,0.184,0,0,0,0,1,0,0,0,0,0,0,0,0,1,0,industrial pop
0,1,0,0,0,0,0,0,0,0,0,0,0,0,0,0,0,0,0,1,0.524,0.95,6,-8.337,0,0.05,0.00124,0.652,0.476,0.525,0,0,0,0,0,0,0,0,0,1,0,0,0,1,0,industrial pop
0,1,0,0,0,0,0,0,0,0,0,0,0,0,0,0,0,0,0,1,0.464,0.808,10,-8.587,0,0.0523,0.0904,0.0827,0.152,0.489,0,1,0,0,0,0,0,0,0,0,0,0,0,1,0,industrial pop
0,0,1,0,0,0,0,0,0,0,0,0,0,0,0,0,0,0,0,1,0.572,0.749,11,-7.995,0,0.0315,0.000715,0.874,0.0335,0.807,0,0,1,0,0,0,0,0,0,0,0,0,0,1,0,industrial pop
0,0,0,0,0,0,0,0,1,0,0,0,0,0,0,0,0,1,0,0,0.561,0.549,7,-11.408,1,0.0313,0.000751,0.312,0.255,0.169,0,0,0,0,0,0,0,0,0,0,1,0,0,1,0,industrial pop
0,1,0,0,0,0,0,0,0,0,0,0,0,0,0,0,0,0,0,1,0.535,0.476,6,-11.453,0,0.0497,0.704,0.00254,0.313,0.219,0,0,0,0,0,0,0,0,0,1,0,0,0,1,0,industrial pop
0,0,0,0,0,1,0,0,0,0,0,0,0,0,0,0,0,0,0,1,0.567,0.911,1,-6.143,1,0.0472,0.022,0.00382,0.385,0.661,0,0,0,0,1,0,0,0,0,0,0,0,0,1,0,industrial pop
0,1,0,0,0,0,0,0,0,0,0,0,0,0,0,0,0,0,0,1,0.507,0.472,8,-7.897,0,0.0334,0.0558,0.0,0.211,0.192,0,0,0,0,0,0,0,0,0,0,0,1,0,1,0,industrial pop
0,0,0,0,0,0,0,1,0,0,0,0,1,0,0,0,0,0,0,0,0.67,0.863,4,-5.555,1,0.189,0.00224,0.011,0.113,0.496,0,0,0,0,0,0,0,1,0,0,0,0,0,1,0,industrial pop
0,0,1,0,0,0,0,0,0,0,0,0,0,0,0,0,0,0,1,0,0.77,0.776,11,-6.417,0,0.0388,0.0448,0.0308,0.204,0.779,0,0,1,0,0,0,0,0,0,0,0,0,0,1,0,industrial pop
0,1,0,0,0,0,0,0,0,0,0,0,0,0,0,0,0,0,0,1,0.683,0.507,4,-8.836,0,0.0359,7.84e-05,0.0525,0.0752,0.526,0,0,0,0,0,0,0,1,0,0,0,0,0,1,0,industrial pop
0,0,0,0,1,0,0,0,0,0,0,0,0,0,0,0,0,0,0,1,0.632,0.768,2,-7.491,1,0.252,0.00832,0.000691,0.492,0.336,0,0,0,0,0,1,0,0,0,0,0,0,0,1,0,industrial pop
