Shape_['0'],"Shape_['1', '0']","Shape_['1', 'b', '0']","Shape_['1', 'b']",Shape_['1'],"Shape_['b', '0']",Shape_['b'],"Color_['#', 'b']",Color_['#'],"Color_['0', 'b']",Color_['0'],Color_['1'],"Color_['b', '0']",Color_['b'],Color_[],danceability,energy,key,loudness,mode,speechiness,acousticness,instrumentalness,liveness,valence,A,A#/Bb,B,C,C#/Db,D,D#/Eb,E,F,F#/Gb,G,G#/Ab,1,3,4,Genre
0,0,0,0,1,0,0,0,0,0,0,0,0,1,0,0.417,0.257,2,-15.197,1,0.0375,0.214,0.489,0.152,0.0333,0,0,0,0,0,1,0,0,0,0,0,0,0,0,1,post rock
0,0,0,0,0,1,0,0,0,0,0,0,0,0,1,0.527,0.504,2,-13.95,0,0.0348,0.141,0.865,0.144,0.0384,0,0,0,0,0,1,0,0,0,0,0,0,0,0,1,post rock
0,0,0,0,1,0,0,0,0,0,1,0,0,0,0,0.126,0.612,2,-9.923,1,0.0408,0.0348,0.591,0.0895,0.0348,0,0,0,0,0,1,0,0,0,0,0,0,0,0,1,post rock
0,0,0,0,0,1,0,0,0,0,0,0,0,0,1,0.236,0.549,6,-8.261,0,0.0317,0.0156,0.377,0.275,0.0398,0,0,0,0,0,0,0,0,0,1,0,0,0,0,1,post rock
0,0,0,0,0,1,0,0,0,0,0,0,0,0,1,0.259,0.426,9,-16.046,0,0.0367,0.469,0.946,0.0894,0.0519,1,0,0,0,0,0,0,0,0,0,0,0,0,0,1,post rock
0,1,0,0,0,0,0,0,0,0,0,0,0,0,1,0.266,0.296,9,-12.8,1,0.0339,0.326,0.641,0.213,0.0534,1,0,0,0,0,0,0,0,0,0,0,0,0,0,1,post rock
0,0,0,0,0,1,0,0,0,0,0,0,0,0,1,0.494,0.5,9,-10.315,0,0.0348,0.000212,0.812,0.0996,0.0385,1,0,0,0,0,0,0,0,0,0,0,0,0,0,1,post rock
0,0,1,0,0,0,0,0,0,0,0,0,0,0,1,0.13,0.743,0,-10.495,1,0.0543,0.00103,0.724,0.108,0.039,0,0,0,1,0,0,0,0,0,0,0,0,0,1,0,post rock
0,0,0,0,0,1,0,0,0,0,0,0,0,0,1,0.323,0.418,1,-14.891,0,0.0303,0.0079,0.752,0.145,0.039,0,0,0,0,1,0,0,0,0,0,0,0,0,0,1,post rock
0,1,0,0,0,0,0,0,0,0,0,0,0,1,0,0.132,0.575,9,-9.914,1,0.0533,0.0264,0.828,0.163,0.039,1,0,0,0,0,0,0,0,0,0,0,0,0,1,0,post rock
0,0,1,0,0,0,0,0,0,0,0,0,0,0,1,0.281,0.402,4,-17.921,1,0.0291,0.0734,0.83,0.0593,0.0793,0,0,0,0,0,0,0,1,0,0,0,0,0,1,0,post rock
0,1,0,0,0,0,0,0,0,0,0,0,0,0,1,0.237,0.662,2,-8.893,1,0.0423,0.00325,0.86,0.0921,0.102,0,0,0,0,0,1,0,0,0,0,0,0,0,0,1,post rock
0,1,0,0,0,0,0,0,0,0,0,0,0,0,1,0.432,0.671,7,-5.772,1,0.0288,0.024,0.89,0.0982,0.238,0,0,0,0,0,0,0,0,0,0,1,0,0,0,1,post rock
0,0,0,0,0,1,0,0,0,0,0,0,0,0,1,0.211,0.644,6,-8.299,0,0.0402,0.0499,0.795,0.11,0.0455,0,0,0,0,0,0,0,0,0,1,0,0,0,0,1,post rock
0,0,0,0,0,1,0,0,0,0,0,0,0,0,1,0.46,0.398,6,-10.334,0,0.0268,0.211,0.891,0.0719,0.0399,0,0,0,0,0,0,0,0,0,1,0,0,0,0,1,post rock
0,0,0,0,0,1,0,0,0,0,0,0,0,0,1,0.252,0.646,6,-6.965,0,0.0315,0.0225,0.865,0.107,0.193,0,0,0,0,0,0,0,0,0,1,0,0,0,0,1,post rock
0,0,0,0,0,1,0,0,0,0,0,0,0,0,1,0.253,0.692,5,-7.156,0,0.0331,0.697,0.864,0.103,0.179,0,0,0,0,0,0,0,0,1,0,0,0,0,0,1,post rock
0,1,0,0,0,0,0,0,0,0,0,0,0,0,1,0.301,0.432,2,-8.045,1,0.0337,0.191,0.672,0.0914,0.0395,0,0,0,0,0,1,0,0,0,0,0,0,0,1,0,post rock
0,1,0,0,0,0,0,0,0,0,0,0,0,0,1,0.521,0.212,2,-16.92,1,0.0314,0.978,0.865,0.37,0.0361,0,0,0,0,0,1,0,0,0,0,0,0,0,0,1,post rock
0,0,0,0,1,0,0,0,0,0,0,0,0,0,1,0.592,0.582,9,-9.222,1,0.0247,0.00712,0.838,0.112,0.754,1,0,0,0,0,0,0,0,0,0,0,0,0,0,1,post rock
0,1,0,0,0,0,0,0,0,0,0,0,0,0,1,0.525,0.63,4,-11.903,1,0.047,0.116,0.849,0.129,0.142,0,0,0,0,0,0,0,1,0,0,0,0,0,0,1,post rock
0,0,0,0,1,0,0,0,0,0,0,0,0,1,0,0.308,0.489,6,-9.559,1,0.0436,0.948,0.878,0.12,0.245,0,0,0,0,0,0,0,0,0,1,0,0,0,0,1,post rock
0,1,0,0,0,0,0,0,0,0,0,0,0,1,0,0.302,0.579,0,-12.483,1,0.0416,0.254,0.62,0.098,0.0633,0,0,0,1,0,0,0,0,0,0,0,0,0,0,1,post rock
0,0,0,0,0,1,0,0,0,0,0,0,0,0,1,0.372,0.514,4,-8.037,0,0.0326,0.55,0.117,0.0895,0.0917,0,0,0,0,0,0,0,1,0,0,0,0,0,0,1,post rock
0,1,0,0,0,0,0,0,0,0,0,0,0,1,0,0.44,0.659,9,-3.322,1,0.0375,0.00512,0.443,0.0791,0.273,1,0,0,0,0,0,0,0,0,0,0,0,0,0,1,post rock
0,1,0,0,0,0,0,0,1,0,0,0,0,0,0,0.0711,0.25,2,-14.6,1,0.034,0.836,0.754,0.1,0.0963,0,0,0,0,0,1,0,0,0,0,0,0,0,1,0,post rock
0,0,0,0,1,0,0,0,0,0,1,0,0,0,0,0.521,0.642,9,-12.004,1,0.0312,0.639,0.843,0.102,0.516,1,0,0,0,0,0,0,0,0,0,0,0,0,0,1,post rock
0,0,0,0,0,1,0,0,0,0,0,0,0,0,1,0.361,0.353,3,-19.269,0,0.0303,0.842,0.807,0.104,0.232,0,0,0,0,0,0,1,0,0,0,0,0,0,0,1,post rock
0,0,0,0,1,0,0,0,0,0,0,0,0,1,0,0.711,0.55,11,-11.364,1,0.0346,0.00235,0.843,0.107,0.684,0,0,1,0,0,0,0,0,0,0,0,0,0,0,1,post rock
0,0,0,0,1,0,0,0,0,0,1,0,0,0,0,0.178,0.726,0,-7.356,1,0.0378,0.00316,0.482,0.107,0.149,0,0,0,1,0,0,0,0,0,0,0,0,0,1,0,post rock
0,0,1,0,0,0,0,0,0,0,0,0,0,0,1,0.562,0.489,11,-11.572,0,0.0277,0.457,0.917,0.118,0.114,0,0,1,0,0,0,0,0,0,0,0,0,0,0,1,post rock
0,1,0,0,0,0,0,0,0,0,0,0,0,0,1,0.173,0.813,4,-5.834,1,0.0413,0.0111,0.905,0.0878,0.126,0,0,0,0,0,0,0,1,0,0,0,0,0,1,0,post rock
0,1,0,0,0,0,0,0,0,0,0,0,0,1,0,0.466,0.701,10,-7.868,1,0.0307,0.121,0.573,0.105,0.184,0,1,0,0,0,0,0,0,0,0,0,0,0,0,1,post rock
0,1,0,0,0,0,0,0,0,0,0,0,0,1,0,0.311,0.471,11,-9.745,1,0.0328,0.0121,0.605,0.0837,0.29,0,0,1,0,0,0,0,0,0,0,0,0,0,0,1,post rock
0,0,0,0,0,1,0,0,0,0,0,0,0,0,1,0.484,0.669,9,-7.907,0,0.028,0.273,0.663,0.0664,0.114,1,0,0,0,0,0,0,0,0,0,0,0,0,0,1,post rock
0,0,0,0,1,0,0,0,0,0,0,0,0,0,1,0.404,0.663,8,-7.471,1,0.0317,0.00176,0.927,0.0733,0.0811,0,0,0,0,0,0,0,0,0,0,0,1,0,0,1,post rock
0,0,0,0,0,1,0,0,0,0,0,0,0,0,1,0.538,0.69,7,-7.987,0,0.0311,0.000151,0.72,0.126,0.197,0,0,0,0,0,0,0,0,0,0,1,0,1,0,0,post rock
0,1,0,0,0,0,0,0,0,0,0,0,0,1,0,0.223,0.263,0,-10.241,1,0.0432,0.0073,0.699,0.237,0.0456,0,0,0,1,0,0,0,0,0,0,0,0,0,0,1,post rock
0,0,0,1,0,0,0,0,0,0,0,0,0,0,1,0.0994,0.297,4,-9.628,1,0.0326,0.0481,0.903,0.0893,0.123,0,0,0,0,0,0,0,1,0,0,0,0,0,0,1,post rock
0,0,0,0,0,1,0,0,0,0,0,0,0,0,1,0.294,0.598,11,-9.367,0,0.0357,0.697,0.894,0.0923,0.0363,0,0,1,0,0,0,0,0,0,0,0,0,0,0,1,post rock
0,0,0,0,0,1,0,0,0,0,0,0,0,0,1,0.284,0.811,7,-4.532,0,0.0358,0.00745,0.833,0.114,0.136,0,0,0,0,0,0,0,0,0,0,1,0,0,1,0,post rock
0,1,0,0,0,0,0,0,0,0,0,0,0,0,1,0.546,0.766,6,-11.231,1,0.039,0.323,0.894,0.11,0.197,0,0,0,0,0,0,0,0,0,1,0,0,0,0,1,post rock
0,0,0,0,1,0,0,0,0,0,0,0,0,1,0,0.566,0.262,2,-13.213,1,0.0306,0.854,0.734,0.188,0.0533,0,0,0,0,0,1,0,0,0,0,0,0,0,0,1,post rock
0,0,0,1,0,0,0,0,0,0,0,0,0,0,1,0.233,0.421,9,-7.732,1,0.0275,0.127,0.848,0.182,0.0753,1,0,0,0,0,0,0,0,0,0,0,0,0,0,1,post rock
0,1,0,0,0,0,0,0,0,0,0,0,0,0,1,0.478,0.793,0,-7.771,1,0.04,0.00472,0.92,0.523,0.513,0,0,0,1,0,0,0,0,0,0,0,0,0,0,1,post rock
0,0,0,0,0,1,0,0,0,0,0,0,0,0,1,0.486,0.572,4,-9.865,0,0.0395,0.0153,0.823,0.108,0.0359,0,0,0,0,0,0,0,1,0,0,0,0,0,0,1,post rock
0,0,0,0,1,0,0,0,0,0,0,0,0,1,0,0.533,0.359,3,-23.142,1,0.0424,0.591,0.681,0.0853,0.136,0,0,0,0,0,0,1,0,0,0,0,0,0,0,1,post rock
0,0,0,0,1,0,0,0,0,0,0,0,0,0,1,0.546,0.829,11,-8.04,1,0.0329,0.105,0.956,0.0735,0.32,0,0,1,0,0,0,0,0,0,0,0,0,0,0,1,post rock
0,0,0,0,1,0,0,0,0,0,0,0,0,0,1,0.352,0.701,4,-5.812,1,0.0373,0.331,0.826,0.0679,0.355,0,0,0,0,0,0,0,1,0,0,0,0,0,0,1,post rock
0,0,0,0,0,1,0,0,0,0,0,0,0,0,1,0.613,0.558,1,-14.504,0,0.034,0.772,0.898,0.0829,0.486,0,0,0,0,1,0,0,0,0,0,0,0,0,0,1,post rock
0,0,0,1,0,0,0,0,0,0,1,0,0,0,0,0.54,0.341,4,-13.514,1,0.0297,0.792,0.845,0.113,0.0633,0,0,0,0,0,0,0,1,0,0,0,0,0,0,1,post rock
0,0,0,0,1,0,0,0,0,0,0,0,1,0,0,0.489,0.923,0,-4.531,1,0.0282,3.54e-05,0.846,0.0741,0.483,0,0,0,1,0,0,0,0,0,0,0,0,0,0,1,post rock
0,1,0,0,0,0,0,0,0,0,0,0,0,0,1,0.288,0.436,2,-7.658,1,0.0325,0.25,0.902,0.0802,0.0774,0,0,0,0,0,1,0,0,0,0,0,0,0,0,1,post rock
0,0,0,0,1,0,0,0,0,0,1,0,0,0,0,0.476,0.607,9,-8.752,1,0.0304,0.629,0.772,0.159,0.0541,1,0,0,0,0,0,0,0,0,0,0,0,0,0,1,post rock
0,1,0,0,0,0,0,0,0,0,0,0,0,0,1,0.508,0.402,5,-10.358,1,0.0277,0.637,0.915,0.0903,0.157,0,0,0,0,0,0,0,0,1,0,0,0,0,0,1,post rock
0,0,0,0,0,1,0,0,0,0,0,0,0,0,1,0.356,0.567,2,-12.929,0,0.034,0.00924,0.696,0.0745,0.076,0,0,0,0,0,1,0,0,0,0,0,0,0,0,1,post rock
0,0,0,0,0,1,0,0,0,0,0,0,0,0,1,0.446,0.338,0,-14.195,0,0.0321,0.00338,0.813,0.0784,0.0916,0,0,0,1,0,0,0,0,0,0,0,0,0,0,1,post rock
0,1,0,0,0,0,0,0,0,0,0,0,0,0,1,0.247,0.645,9,-4.692,1,0.0388,0.00011,0.898,0.0341,0.119,1,0,0,0,0,0,0,0,0,0,0,0,0,1,0,post rock
0,1,0,0,0,0,0,0,0,0,0,0,0,0,1,0.261,0.426,2,-11.032,1,0.0361,0.00227,0.796,0.0814,0.134,0,0,0,0,0,1,0,0,0,0,0,0,0,0,1,post rock
0,1,0,0,0,0,0,0,0,0,0,0,0,0,1,0.175,0.275,7,-12.224,1,0.0357,0.748,0.676,0.102,0.053,0,0,0,0,0,0,0,0,0,0,1,0,0,0,1,post rock
0,0,0,0,0,1,0,0,0,0,0,0,0,0,1,0.168,0.335,7,-10.992,0,0.0411,0.793,0.0864,0.0822,0.0396,0,0,0,0,0,0,0,0,0,0,1,0,0,0,1,post rock
0,1,0,0,0,0,0,0,0,0,0,0,0,0,1,0.359,0.773,7,-8.432,1,0.0498,2.93e-05,0.879,0.524,0.233,0,0,0,0,0,0,0,0,0,0,1,0,0,0,1,post rock
0,0,0,0,0,1,0,0,0,0,0,0,0,0,1,0.171,0.253,5,-10.202,0,0.0357,0.0975,0.907,0.0785,0.0368,0,0,0,0,0,0,0,0,1,0,0,0,0,0,1,post rock
0,0,0,0,0,1,0,0,0,0,0,0,0,0,1,0.534,0.611,5,-12.144,0,0.0273,0.00703,0.327,0.281,0.242,0,0,0,0,0,0,0,0,1,0,0,0,0,0,1,post rock
0,0,0,0,1,0,0,0,0,0,1,0,0,0,0,0.169,0.714,0,-5.116,1,0.0478,0.000409,0.906,0.085,0.244,0,0,0,1,0,0,0,0,0,0,0,0,0,0,1,post rock
0,0,0,0,0,1,0,0,0,0,0,0,0,0,1,0.349,0.935,11,-5.9,0,0.0645,0.0183,0.944,0.505,0.0395,0,0,1,0,0,0,0,0,0,0,0,0,0,0,1,post rock
0,0,1,0,0,0,0,0,0,0,0,0,0,0,1,0.284,0.883,2,-5.908,1,0.0504,0.000174,0.752,0.138,0.37,0,0,0,0,0,1,0,0,0,0,0,0,0,0,1,post rock
0,0,0,0,0,1,0,0,0,0,0,0,0,0,1,0.263,0.758,9,-7.337,0,0.038,0.00122,0.834,0.127,0.156,1,0,0,0,0,0,0,0,0,0,0,0,0,0,1,post rock
0,0,0,0,0,0,1,0,0,0,0,0,0,0,1,0.426,0.843,1,-6.565,0,0.0416,5.31e-05,0.888,0.15,0.0453,0,0,0,0,1,0,0,0,0,0,0,0,0,0,1,post rock
0,0,1,0,0,0,0,0,0,0,0,0,0,0,1,0.232,0.241,2,-9.445,1,0.0333,0.284,0.79,0.435,0.0393,0,0,0,0,0,1,0,0,0,0,0,0,0,0,1,post rock
0,0,0,1,0,0,0,0,0,0,0,0,0,0,1,0.36,0.851,4,-7.883,1,0.0987,0.00192,0.75,0.138,0.299,0,0,0,0,0,0,0,1,0,0,0,0,0,0,1,post rock
0,0,0,0,0,1,0,0,0,0,0,0,0,0,1,0.323,0.743,4,-9.111,0,0.0441,0.0011,0.821,0.251,0.393,0,0,0,0,0,0,0,1,0,0,0,0,0,1,0,post rock
0,0,0,0,0,1,0,0,0,0,0,0,0,0,1,0.375,0.365,11,-10.664,0,0.031,0.0705,0.573,0.126,0.25,0,0,1,0,0,0,0,0,0,0,0,0,0,0,1,post rock
0,1,0,0,0,0,0,0,0,0,0,0,0,0,1,0.436,0.306,0,-15.334,1,0.0354,0.934,0.806,0.147,0.226,0,0,0,1,0,0,0,0,0,0,0,0,0,0,1,post rock
0,1,0,0,0,0,0,0,0,0,0,0,0,0,1,0.304,0.497,9,-9.276,1,0.042,0.981,0.941,0.263,0.0908,1,0,0,0,0,0,0,0,0,0,0,0,0,1,0,post rock
0,0,1,0,0,0,0,0,1,0,0,0,0,0,0,0.521,0.3,7,-12.93,1,0.0305,0.47,0.409,0.297,0.127,0,0,0,0,0,0,0,0,0,0,1,0,0,1,0,post rock
1,0,0,0,0,0,0,0,0,0,0,0,0,0,1,0.58,0.449,9,-9.481,0,0.0261,0.821,0.00755,0.23,0.43,1,0,0,0,0,0,0,0,0,0,0,0,0,0,1,post rock
1,0,0,0,0,0,0,0,0,0,0,1,0,0,0,0.268,0.613,11,-8.309,0,0.0338,0.00085,0.612,0.275,0.187,0,0,1,0,0,0,0,0,0,0,0,0,0,1,0,post rock
0,1,0,0,0,0,0,0,0,0,0,0,0,0,1,0.344,0.584,9,-8.029,1,0.0365,0.0227,0.903,0.152,0.346,1,0,0,0,0,0,0,0,0,0,0,0,0,0,1,post rock
0,0,0,0,1,0,0,0,0,0,1,0,0,0,0,0.364,0.742,4,-8.317,1,0.0292,0.0345,0.77,0.212,0.935,0,0,0,0,0,0,0,1,0,0,0,0,0,0,1,post rock
0,1,0,0,0,0,0,0,0,0,0,0,0,0,1,0.311,0.256,7,-18.805,1,0.0441,0.514,0.795,0.0995,0.0325,0,0,0,0,0,0,0,0,0,0,1,0,0,1,0,post rock
0,0,0,0,0,1,0,0,0,0,0,0,0,0,1,0.368,0.377,7,-14.51,0,0.0364,0.0271,0.77,0.682,0.326,0,0,0,0,0,0,0,0,0,0,1,0,0,0,1,post rock
0,1,0,0,0,0,0,0,0,0,0,0,0,0,1,0.321,0.689,7,-8.587,1,0.0471,0.0144,0.906,0.456,0.408,0,0,0,0,0,0,0,0,0,0,1,0,0,0,1,post rock
0,0,0,0,1,0,0,0,0,0,1,0,0,0,0,0.313,0.591,2,-8.782,1,0.0321,0.0159,0.868,0.181,0.453,0,0,0,0,0,1,0,0,0,0,0,0,0,0,1,post rock
0,1,0,0,0,0,0,1,0,0,0,0,0,0,0,0.356,0.268,7,-11.035,1,0.0307,0.436,0.841,0.608,0.0387,0,0,0,0,0,0,0,0,0,0,1,0,0,1,0,post rock
0,1,0,0,0,0,0,0,0,0,0,0,0,0,1,0.288,0.699,4,-8.593,1,0.0351,0.000475,0.909,0.114,0.123,0,0,0,0,0,0,0,1,0,0,0,0,0,0,1,post rock
0,0,0,0,1,0,0,0,0,0,1,0,0,0,0,0.519,0.441,0,-12.112,1,0.042,0.897,0.937,0.105,0.494,0,0,0,1,0,0,0,0,0,0,0,0,0,0,1,post rock
0,0,0,0,0,1,0,0,0,0,0,0,0,0,1,0.809,0.294,2,-12.309,0,0.055,0.68,0.889,0.0695,0.177,0,0,0,0,0,1,0,0,0,0,0,0,0,0,1,post rock
0,0,0,0,0,1,0,0,0,0,0,0,0,0,1,0.297,0.732,2,-8.956,0,0.037,0.0324,0.839,0.0944,0.04,0,0,0,0,0,1,0,0,0,0,0,0,0,0,1,post rock
0,0,1,0,0,0,0,0,0,0,0,0,0,0,1,0.482,0.546,2,-10.159,1,0.0269,0.0643,0.951,0.114,0.0773,0,0,0,0,0,1,0,0,0,0,0,0,0,0,1,post rock
0,0,0,0,0,1,0,0,0,0,0,0,0,0,1,0.306,0.562,1,-8.384,0,0.0505,0.222,0.748,0.0873,0.0642,0,0,0,0,1,0,0,0,0,0,0,0,0,0,1,post rock
0,0,0,0,1,0,0,0,0,1,0,0,0,0,0,0.388,0.677,9,-7.865,1,0.0436,0.365,0.746,0.38,0.297,1,0,0,0,0,0,0,0,0,0,0,0,0,0,1,post rock
0,0,0,0,1,0,0,0,0,0,0,0,0,1,0,0.402,0.522,2,-12.006,1,0.0472,0.846,0.921,0.377,0.543,0,0,0,0,0,1,0,0,0,0,0,0,0,0,1,post rock
0,0,0,0,0,1,0,0,0,0,0,0,0,0,1,0.675,0.703,1,-7.07,0,0.0362,0.242,0.894,0.144,0.518,0,0,0,0,1,0,0,0,0,0,0,0,0,1,0,post rock
0,1,0,0,0,0,0,0,0,0,0,0,0,0,1,0.29,0.765,0,-6.066,1,0.0386,0.0456,0.92,0.387,0.249,0,0,0,1,0,0,0,0,0,0,0,0,0,0,1,post rock
0,0,1,0,0,0,0,0,0,0,0,0,0,0,1,0.519,0.901,3,-6.443,1,0.0344,0.111,0.819,0.328,0.397,0,0,0,0,0,0,1,0,0,0,0,0,0,0,1,post rock
0,0,0,0,0,1,0,0,0,0,0,0,0,0,1,0.448,0.977,9,-4.401,0,0.0716,0.016,0.747,0.166,0.34,1,0,0,0,0,0,0,0,0,0,0,0,0,1,0,post rock
0,0,0,0,1,0,0,0,0,0,0,0,1,0,0,0.543,0.652,0,-8.547,1,0.0331,0.00284,0.856,0.168,0.0977,0,0,0,1,0,0,0,0,0,0,0,0,0,0,1,post rock
0,1,0,0,0,0,0,0,0,0,0,0,0,0,1,0.443,0.865,7,-6.702,1,0.0412,1.24e-05,0.748,0.0708,0.142,0,0,0,0,0,0,0,0,0,0,1,0,0,0,1,post rock
0,0,0,0,0,1,0,0,0,0,0,0,0,0,1,0.284,0.798,4,-7.936,0,0.0368,0.000367,0.846,0.0536,0.233,0,0,0,0,0,0,0,1,0,0,0,0,0,0,1,post rock
