"Shape_['0', 'b']",Shape_['0'],"Shape_['1', '0']","Shape_['1', 'b']",Shape_['1'],Color_['#'],"Color_['0', 'b']",Color_['0'],"Color_['1', '#']","Color_['b', '0']",Color_['b'],Color_[],danceability,energy,key,loudness,mode,speechiness,acousticness,instrumentalness,liveness,valence,A,A#/Bb,B,C,C#/Db,D,D#/Eb,E,F,F#/Gb,G,G#/Ab,4,Genre
0,0,0,0,1,0,0,1,0,0,0,0,0.529,0.806,10,-9.027,1,0.0806,0.747,0.00011,0.305,0.971,0,1,0,0,0,0,0,0,0,0,0,0,1,rockabilly
0,0,1,0,0,0,0,0,0,0,1,0,0.462,0.651,2,-7.482,1,0.0361,0.173,0.0,0.243,0.949,0,0,0,0,0,1,0,0,0,0,0,0,1,rockabilly
1,0,0,0,0,0,0,0,0,0,0,1,0.46,0.762,7,-7.523,0,0.0699,0.444,0.0,0.328,0.832,0,0,0,0,0,0,0,0,0,0,1,0,1,rockabilly
0,0,0,0,1,0,0,0,0,0,0,1,0.639,0.964,7,-6.029,1,0.0407,0.556,0.00483,0.143,0.925,0,0,0,0,0,0,0,0,0,0,1,0,1,rockabilly
0,0,1,0,0,0,0,0,0,0,0,1,0.39,0.819,4,-8.718,1,0.0566,0.157,0.0,0.162,0.726,0,0,0,0,0,0,0,1,0,0,0,0,1,rockabilly
0,0,0,1,0,0,0,1,0,0,0,0,0.687,0.872,0,-9.716,1,0.0397,0.097,0.00889,0.283,0.771,0,0,0,1,0,0,0,0,0,0,0,0,1,rockabilly
0,0,0,0,1,0,0,0,0,0,1,0,0.574,0.941,9,-4.779,1,0.0819,0.664,0.0,0.356,0.963,1,0,0,0,0,0,0,0,0,0,0,0,1,rockabilly
0,0,0,0,1,0,0,0,0,0,0,1,0.543,0.965,0,-6.568,1,0.061,0.316,2.81e-05,0.212,0.689,0,0,0,1,0,0,0,0,0,0,0,0,1,rockabilly
0,0,0,0,1,0,0,0,0,0,1,0,0.571,0.969,7,-2.863,1,0.0448,0.0148,0.0,0.0807,0.871,0,0,0,0,0,0,0,0,0,0,1,0,1,rockabilly
0,0,1,0,0,0,0,0,0,0,0,1,0.544,0.968,2,-4.809,1,0.0403,0.0657,0.0807,0.148,0.722,0,0,0,0,0,1,0,0,0,0,0,0,1,rockabilly
0,1,0,0,0,0,0,0,0,0,1,0,0.721,0.82,11,-10.32,0,0.0448,0.387,0.000326,0.198,0.966,0,0,1,0,0,0,0,0,0,0,0,0,1,rockabilly
1,0,0,0,0,0,0,0,0,0,0,1,0.538,0.838,4,-7.613,0,0.0383,0.215,0.0,0.0875,0.936,0,0,0,0,0,0,0,1,0,0,0,0,1,rockabilly
1,0,0,0,0,0,0,0,0,0,0,1,0.598,0.852,11,-6.898,0,0.0313,0.0623,0.257,0.12,0.954,0,0,1,0,0,0,0,0,0,0,0,0,1,rockabilly
0,0,0,0,1,0,0,0,0,0,0,1,0.405,0.905,2,-2.572,1,0.0327,5.43e-05,0.0501,0.235,0.705,0,0,0,0,0,1,0,0,0,0,0,0,1,rockabilly
0,0,0,0,1,0,0,1,0,0,0,0,0.502,0.897,2,-5.986,1,0.122,0.0626,3.43e-05,0.362,0.932,0,0,0,0,0,1,0,0,0,0,0,0,1,rockabilly
0,0,0,0,1,0,0,0,0,0,0,1,0.538,0.954,0,-2.305,1,0.0359,0.571,0.00859,0.397,0.962,0,0,0,1,0,0,0,0,0,0,0,0,1,rockabilly
0,0,0,0,1,0,0,0,0,0,0,1,0.383,0.941,2,-6.299,1,0.102,0.595,0.0,0.341,0.667,0,0,0,0,0,1,0,0,0,0,0,0,1,rockabilly
0,0,1,0,0,1,0,0,0,0,0,0,0.555,0.832,7,-5.095,1,0.034,0.254,0.0122,0.679,0.733,0,0,0,0,0,0,0,0,0,0,1,0,1,rockabilly
0,0,0,1,0,1,0,0,0,0,0,0,0.633,0.699,3,-10.612,1,0.0429,0.134,0.000146,0.126,0.909,0,0,0,0,0,0,1,0,0,0,0,0,1,rockabilly
1,0,0,0,0,0,0,0,0,0,0,1,0.672,0.775,4,-9.098,0,0.0454,0.673,3.43e-06,0.115,0.883,0,0,0,0,0,0,0,1,0,0,0,0,1,rockabilly
0,0,0,0,1,0,0,0,0,0,0,1,0.377,0.615,0,-8.431,1,0.0309,0.812,0.000322,0.154,0.553,0,0,0,1,0,0,0,0,0,0,0,0,1,rockabilly
1,0,0,0,0,0,0,0,0,0,0,1,0.489,0.793,11,-8.472,0,0.0457,0.000253,0.000926,0.144,0.607,0,0,1,0,0,0,0,0,0,0,0,0,1,rockabilly
0,0,0,0,1,0,0,0,0,0,0,1,0.557,0.873,7,-9.129,1,0.0444,0.481,0.00021,0.395,0.967,0,0,0,0,0,0,0,0,0,0,1,0,1,rockabilly
0,0,0,0,1,0,0,0,0,0,0,1,0.365,0.99,9,-2.178,1,0.044,0.112,4.72e-05,0.0853,0.963,1,0,0,0,0,0,0,0,0,0,0,0,1,rockabilly
1,0,0,0,0,0,0,0,0,0,0,1,0.597,0.777,8,-8.219,0,0.036,0.00025,8.07e-05,0.0946,0.915,0,0,0,0,0,0,0,0,0,0,0,1,1,rockabilly
1,0,0,0,0,0,0,0,0,0,0,1,0.4,0.854,2,-3.508,0,0.0511,0.39,2.55e-05,0.484,0.943,0,0,0,0,0,1,0,0,0,0,0,0,1,rockabilly
0,0,0,1,0,0,0,0,0,0,0,1,0.521,0.845,7,-9.282,1,0.0331,0.065,0.000404,0.327,0.817,0,0,0,0,0,0,0,0,0,0,1,0,1,rockabilly
0,0,0,0,1,0,0,0,0,1,0,0,0.364,0.945,5,-6.041,1,0.0416,0.0285,0.0093,0.105,0.962,0,0,0,0,0,0,0,0,1,0,0,0,1,rockabilly
0,0,1,0,0,0,0,0,0,0,0,1,0.417,0.79,4,-10.237,1,0.0666,0.0781,0.00014,0.0823,0.847,0,0,0,0,0,0,0,1,0,0,0,0,1,rockabilly
1,0,0,0,0,0,0,0,0,0,0,1,0.549,0.832,11,-10.938,0,0.0496,0.67,0.335,0.0708,0.794,0,0,1,0,0,0,0,0,0,0,0,0,1,rockabilly
0,0,0,0,1,0,0,1,0,0,0,0,0.611,0.714,9,-11.569,1,0.0383,0.451,0.866,0.157,0.974,1,0,0,0,0,0,0,0,0,0,0,0,1,rockabilly
0,1,0,0,0,0,0,0,0,0,1,0,0.354,0.899,10,-8.459,0,0.1,0.0141,0.0,0.682,0.868,0,1,0,0,0,0,0,0,0,0,0,0,1,rockabilly
0,0,1,0,0,0,0,0,0,0,0,1,0.402,0.913,9,-4.913,1,0.0644,0.00294,0.602,0.175,0.687,1,0,0,0,0,0,0,0,0,0,0,0,1,rockabilly
0,0,0,0,1,0,0,1,0,0,0,0,0.407,0.893,2,-7.355,1,0.0617,0.0735,3.55e-05,0.278,0.637,0,0,0,0,0,1,0,0,0,0,0,0,1,rockabilly
0,1,0,0,0,0,0,0,1,0,0,0,0.439,0.861,0,-6.847,1,0.0935,0.0319,0.00644,0.362,0.857,0,0,0,1,0,0,0,0,0,0,0,0,1,rockabilly
0,0,0,0,1,0,0,0,0,0,0,1,0.415,0.635,5,-8.982,1,0.0772,0.608,0.0,0.25,0.842,0,0,0,0,0,0,0,0,1,0,0,0,1,rockabilly
1,0,0,0,0,0,0,0,0,0,0,1,0.5,0.761,11,-4.824,0,0.095,0.792,0.0,0.0632,0.807,0,0,1,0,0,0,0,0,0,0,0,0,1,rockabilly
0,0,0,0,1,0,1,0,0,0,0,0,0.319,0.957,9,-4.219,1,0.0415,0.132,1.17e-06,0.406,0.659,1,0,0,0,0,0,0,0,0,0,0,0,1,rockabilly
0,0,0,1,0,0,0,0,0,0,0,1,0.446,0.816,9,-9.762,1,0.0766,0.318,0.0,0.339,0.718,1,0,0,0,0,0,0,0,0,0,0,0,1,rockabilly
0,1,0,0,0,0,0,0,0,0,1,0,0.583,0.92,9,-5.607,0,0.0948,0.202,0.00371,0.0744,0.632,1,0,0,0,0,0,0,0,0,0,0,0,1,rockabilly
0,1,0,0,0,0,0,0,0,0,0,1,0.661,0.917,11,-3.774,0,0.039,0.0246,0.0013,0.0808,0.76,0,0,1,0,0,0,0,0,0,0,0,0,1,rockabilly
0,0,0,0,1,0,0,1,0,0,0,0,0.455,0.918,4,-8.666,1,0.0527,0.00706,0.0399,0.278,0.97,0,0,0,0,0,0,0,1,0,0,0,0,1,rockabilly
0,0,0,0,1,0,0,0,0,0,0,1,0.534,0.781,9,-5.891,1,0.0274,0.128,7.64e-06,0.316,0.674,1,0,0,0,0,0,0,0,0,0,0,0,1,rockabilly
0,0,1,0,0,0,0,0,0,0,0,1,0.49,0.788,9,-8.98,1,0.0503,0.00302,0.0547,0.278,0.759,1,0,0,0,0,0,0,0,0,0,0,0,1,rockabilly
0,0,0,0,1,0,0,1,0,0,0,0,0.426,0.891,9,-3.794,1,0.0476,0.00641,0.0232,0.124,0.798,1,0,0,0,0,0,0,0,0,0,0,0,1,rockabilly
0,0,0,0,1,0,0,0,0,0,0,1,0.583,0.921,9,-4.671,1,0.171,0.427,0.295,0.0983,0.633,1,0,0,0,0,0,0,0,0,0,0,0,1,rockabilly
0,0,0,0,1,0,0,1,0,0,0,0,0.539,0.971,0,-4.381,1,0.0437,0.00719,0.000264,0.151,0.814,0,0,0,1,0,0,0,0,0,0,0,0,1,rockabilly
0,0,0,0,1,0,0,0,0,0,0,1,0.522,0.901,4,-8.549,1,0.0479,0.535,8.47e-06,0.176,0.916,0,0,0,0,0,0,0,1,0,0,0,0,1,rockabilly
1,0,0,0,0,0,0,0,0,0,0,1,0.295,0.898,6,-6.546,0,0.13,0.0693,5.32e-06,0.339,0.77,0,0,0,0,0,0,0,0,0,1,0,0,1,rockabilly
0,0,0,0,1,0,1,0,0,0,0,0,0.621,0.765,0,-6.855,1,0.0441,0.706,1.54e-06,0.332,0.729,0,0,0,1,0,0,0,0,0,0,0,0,1,rockabilly
1,0,0,0,0,0,0,0,0,0,0,1,0.51,0.724,7,-6.45,0,0.0511,0.847,0.000427,0.598,0.932,0,0,0,0,0,0,0,0,0,0,1,0,1,rockabilly
0,0,0,0,1,0,0,0,0,0,0,1,0.559,0.962,0,-4.258,1,0.145,0.0498,0.0,0.117,0.701,0,0,0,1,0,0,0,0,0,0,0,0,1,rockabilly
0,0,1,0,0,0,0,0,0,0,0,1,0.335,0.876,0,-8.068,1,0.0406,0.079,0.652,0.0893,0.812,0,0,0,1,0,0,0,0,0,0,0,0,1,rockabilly
1,0,0,0,0,0,0,0,0,0,0,1,0.687,0.773,1,-8.033,0,0.248,0.308,1.06e-05,0.121,0.888,0,0,0,0,1,0,0,0,0,0,0,0,1,rockabilly
0,0,0,0,1,0,0,0,0,0,0,1,0.467,0.914,4,-5.235,1,0.0991,0.0163,4.23e-06,0.0917,0.863,0,0,0,0,0,0,0,1,0,0,0,0,1,rockabilly
0,0,0,0,1,0,0,0,0,0,0,1,0.591,0.851,8,-9.215,1,0.0373,0.0351,0.00778,0.0446,0.623,0,0,0,0,0,0,0,0,0,0,0,1,1,rockabilly
0,0,0,0,1,0,0,0,0,0,0,1,0.446,0.974,9,-5.626,1,0.043,2.45e-05,0.00352,0.227,0.407,1,0,0,0,0,0,0,0,0,0,0,0,1,rockabilly
0,0,0,0,1,0,0,0,0,0,1,0,0.582,0.879,7,-3.667,1,0.0471,0.752,0.848,0.11,0.722,0,0,0,0,0,0,0,0,0,0,1,0,1,rockabilly
0,0,0,0,1,0,0,0,0,0,0,1,0.674,0.978,0,-5.654,1,0.0439,0.641,0.00219,0.27,0.964,0,0,0,1,0,0,0,0,0,0,0,0,1,rockabilly
0,0,0,0,1,0,0,0,0,0,0,1,0.667,0.555,9,-9.656,1,0.0339,0.345,0.0,0.28,0.893,1,0,0,0,0,0,0,0,0,0,0,0,1,rockabilly
