"Shape_['0', 'b']",Shape_['0'],"Shape_['1', '0', '#']","Shape_['1', '0']","Shape_['1', 'b', '0']","Shape_['1', 'b']",Shape_['1'],Shape_['b'],Color_['#'],"Color_['0', 'b']",Color_['0'],Color_['1'],"Color_['b', '#']","Color_['b', '0']",Color_['b'],Color_[],danceability,energy,key,loudness,mode,speechiness,acousticness,instrumentalness,liveness,valence,A,A#/Bb,B,C,C#/Db,D,E,F,F#/Gb,G,G#/Ab,3,4,Genre
0,0,0,0,0,1,0,0,0,0,1,0,0,0,0,0,0.375,0.894,2,-6.366,1,0.0974,0.0545,0.0,0.593,0.324,0,0,0,0,0,1,0,0,0,0,0,0,1,ska
0,0,0,1,0,0,0,0,0,0,0,0,0,0,0,1,0.734,0.487,2,-6.55,1,0.033,0.0411,0.0,0.0533,0.904,0,0,0,0,0,1,0,0,0,0,0,0,1,ska
0,0,0,0,0,0,1,0,0,0,1,0,0,0,0,0,0.906,0.45,0,-8.003,1,0.0627,0.149,0.000232,0.168,0.969,0,0,0,1,0,0,0,0,0,0,0,0,1,ska
0,0,0,0,0,0,1,0,0,0,1,0,0,0,0,0,0.738,0.759,7,-4.353,1,0.0406,0.00531,0.00132,0.324,0.853,0,0,0,0,0,0,0,0,0,1,0,0,1,ska
0,0,0,1,0,0,0,0,0,0,0,0,0,0,0,1,0.384,0.949,0,-3.688,1,0.096,0.22,0.0,0.736,0.547,0,0,0,1,0,0,0,0,0,0,0,0,1,ska
0,0,0,0,0,0,1,0,0,1,0,0,0,0,0,0,0.648,0.93,7,-6.005,1,0.0466,0.0111,0.00861,0.239,0.963,0,0,0,0,0,0,0,0,0,1,0,0,1,ska
0,0,0,0,0,0,1,0,0,0,1,0,0,0,0,0,0.576,0.94,9,-3.003,1,0.118,0.0192,0.0,0.133,0.844,1,0,0,0,0,0,0,0,0,0,0,0,1,ska
0,0,0,0,0,0,1,0,0,0,1,0,0,0,0,0,0.319,0.991,4,-3.866,1,0.101,0.000111,1.67e-05,0.194,0.646,0,0,0,0,0,0,1,0,0,0,0,0,1,ska
0,0,0,0,0,0,1,0,0,0,1,0,0,0,0,0,0.814,0.83,0,-5.551,1,0.0714,0.301,0.753,0.0547,0.962,0,0,0,1,0,0,0,0,0,0,0,0,1,ska
0,0,0,0,0,0,1,0,0,0,1,0,0,0,0,0,0.537,0.95,9,-3.93,1,0.114,0.00134,0.0299,0.518,0.63,1,0,0,0,0,0,0,0,0,0,0,0,1,ska
0,0,0,1,0,0,0,0,0,0,0,0,0,0,0,1,0.843,0.546,10,-10.043,1,0.0552,0.599,0.00378,0.0687,0.91,0,1,0,0,0,0,0,0,0,0,0,0,1,ska
0,0,0,1,0,0,0,0,0,0,0,0,0,0,0,1,0.719,0.815,5,-3.546,1,0.0305,0.16,0.0,0.0367,0.937,0,0,0,0,0,0,0,1,0,0,0,0,1,ska
0,0,0,0,0,0,1,0,0,0,1,0,0,0,0,0,0.573,0.551,0,-9.443,1,0.0522,0.429,0.000116,0.139,0.913,0,0,0,1,0,0,0,0,0,0,0,0,1,ska
0,0,0,0,0,0,1,0,0,0,0,0,0,0,0,1,0.592,0.622,0,-5.888,1,0.0458,0.308,0.0,0.241,0.977,0,0,0,1,0,0,0,0,0,0,0,0,1,ska
1,0,0,0,0,0,0,0,0,0,0,1,0,0,0,0,0.498,0.976,11,-3.381,0,0.0879,0.00124,0.000799,0.289,0.575,0,0,1,0,0,0,0,0,0,0,0,0,1,ska
0,1,0,0,0,0,0,0,0,0,0,0,0,0,1,0,0.538,0.927,4,-6.062,0,0.0497,0.00441,0.000875,0.305,0.727,0,0,0,0,0,0,1,0,0,0,0,0,1,ska
0,0,0,1,0,0,0,0,0,0,0,0,0,0,0,1,0.621,0.589,7,-5.141,1,0.0876,0.128,0.000477,0.167,0.777,0,0,0,0,0,0,0,0,0,1,0,0,1,ska
0,0,0,0,0,0,1,0,0,0,0,0,0,0,0,1,0.471,0.995,11,-1.283,1,0.161,0.138,0.012,0.509,0.721,0,0,1,0,0,0,0,0,0,0,0,0,1,ska
0,0,0,0,0,0,1,0,0,0,0,0,0,0,0,1,0.416,0.841,0,-3.807,1,0.142,0.0959,0.0,0.0765,0.617,0,0,0,1,0,0,0,0,0,0,0,0,1,ska
0,0,0,0,0,0,1,0,0,0,0,0,0,1,0,0,0.626,0.865,7,-6.335,1,0.0367,9.68e-05,0.837,0.119,0.948,0,0,0,0,0,0,0,0,0,1,0,0,1,ska
0,0,0,0,0,0,1,0,0,0,1,0,0,0,0,0,0.513,0.926,11,-4.36,1,0.136,0.00993,0.000237,0.0648,0.931,0,0,1,0,0,0,0,0,0,0,0,0,1,ska
0,0,0,1,0,0,0,0,0,0,0,0,0,0,0,1,0.617,0.898,10,-7.028,1,0.0344,0.00946,0.265,0.217,0.807,0,1,0,0,0,0,0,0,0,0,0,0,1,ska
0,0,0,0,0,0,1,0,0,0,0,0,0,0,1,0,0.3,0.837,4,-5.459,1,0.152,0.00256,0.000866,0.374,0.244,0,0,0,0,0,0,1,0,0,0,0,0,1,ska
0,0,0,0,0,0,1,0,0,0,0,0,0,0,1,0,0.359,0.956,4,-3.599,1,0.128,0.0586,5.97e-05,0.115,0.613,0,0,0,0,0,0,1,0,0,0,0,0,1,ska
1,0,0,0,0,0,0,0,0,0,0,0,0,0,0,1,0.648,0.818,9,-4.495,0,0.0313,0.0319,3.6e-06,0.13,0.634,1,0,0,0,0,0,0,0,0,0,0,0,1,ska
0,0,0,0,0,0,1,0,0,0,1,0,0,0,0,0,0.569,0.954,2,-4.82,1,0.126,0.35,0.000265,0.0768,0.574,0,0,0,0,0,1,0,0,0,0,0,0,1,ska
0,0,0,1,0,0,0,0,0,0,0,0,0,0,1,0,0.377,0.954,9,-6.868,1,0.0607,0.000582,3.38e-05,0.171,0.688,1,0,0,0,0,0,0,0,0,0,0,0,1,ska
0,0,0,1,0,0,0,0,0,0,0,0,0,0,0,1,0.488,0.96,2,-4.379,1,0.138,0.215,0.017,0.0689,0.91,0,0,0,0,0,1,0,0,0,0,0,0,1,ska
0,0,0,0,0,0,1,0,0,0,0,0,0,0,0,1,0.61,0.974,10,-3.831,1,0.0893,0.0183,1.08e-05,0.275,0.928,0,1,0,0,0,0,0,0,0,0,0,0,1,ska
0,0,0,0,0,0,1,0,0,0,1,0,0,0,0,0,0.419,0.945,4,-5.406,1,0.119,0.0985,0.0121,0.23,0.695,0,0,0,0,0,0,1,0,0,0,0,0,1,ska
0,0,0,0,0,0,1,0,0,0,0,0,0,0,0,1,0.801,0.605,4,-8.672,1,0.0313,0.69,0.000816,0.0899,0.754,0,0,0,0,0,0,1,0,0,0,0,0,1,ska
0,0,0,0,0,0,1,0,0,0,0,0,0,0,1,0,0.803,0.875,11,-6.906,1,0.116,0.137,0.0,0.0369,0.81,0,0,1,0,0,0,0,0,0,0,0,0,1,ska
1,0,0,0,0,0,0,0,0,0,0,0,0,0,0,1,0.229,0.652,1,-5.43,0,0.0498,3.04e-05,0.106,0.0342,0.769,0,0,0,0,1,0,0,0,0,0,0,0,1,ska
1,0,0,0,0,0,0,0,0,0,0,0,0,0,0,1,0.801,0.512,7,-10.384,0,0.0534,0.00761,0.481,0.0566,0.969,0,0,0,0,0,0,0,0,0,1,0,0,1,ska
0,0,0,0,0,0,1,0,0,0,1,0,0,0,0,0,0.646,0.962,9,-4.862,1,0.0536,0.138,0.0,0.471,0.961,1,0,0,0,0,0,0,0,0,0,0,0,1,ska
0,0,0,0,0,0,1,0,0,0,1,0,0,0,0,0,0.4,0.972,7,-6.387,1,0.099,0.00142,0.000392,0.115,0.749,0,0,0,0,0,0,0,0,0,1,0,0,1,ska
0,1,0,0,0,0,0,0,0,0,0,0,0,0,0,1,0.669,0.968,4,-6.714,0,0.0671,0.264,8.95e-06,0.126,0.906,0,0,0,0,0,0,1,0,0,0,0,0,1,ska
0,0,0,1,0,0,0,0,0,0,0,0,0,0,0,1,0.625,0.954,7,-4.097,1,0.0584,0.0212,5.79e-06,0.294,0.801,0,0,0,0,0,0,0,0,0,1,0,0,1,ska
0,0,0,0,0,0,1,0,0,0,1,0,0,0,0,0,0.493,0.866,0,-9.084,1,0.0952,0.00407,0.85,0.224,0.674,0,0,0,1,0,0,0,0,0,0,0,0,1,ska
0,0,0,0,0,0,1,0,0,0,0,0,0,0,0,1,0.547,0.826,1,-5.061,1,0.0506,0.00155,1.66e-06,0.167,0.66,0,0,0,0,1,0,0,0,0,0,0,0,1,ska
0,0,0,0,0,0,1,0,0,0,0,0,0,0,1,0,0.508,0.927,5,-7.059,1,0.0475,0.0079,0.00109,0.146,0.89,0,0,0,0,0,0,0,1,0,0,0,0,1,ska
0,0,0,0,0,0,1,0,0,0,0,0,0,0,1,0,0.604,0.994,4,-2.155,1,0.0563,0.024,3.3e-06,0.122,0.6,0,0,0,0,0,0,1,0,0,0,0,0,1,ska
0,1,0,0,0,0,0,0,0,0,0,0,0,0,1,0,0.443,0.836,9,-6.24,0,0.156,0.0531,7.92e-05,0.0655,0.871,1,0,0,0,0,0,0,0,0,0,0,0,1,ska
0,0,0,1,0,0,0,0,0,0,0,0,0,0,1,0,0.428,0.765,4,-8.13,1,0.0851,0.00101,0.315,0.243,0.697,0,0,0,0,0,0,1,0,0,0,0,0,1,ska
0,0,0,1,0,0,0,0,1,0,0,0,0,0,0,0,0.611,0.907,10,-7.715,1,0.0457,0.0032,9.13e-06,0.974,0.724,0,1,0,0,0,0,0,0,0,0,0,0,1,ska
0,0,0,1,0,0,0,0,0,0,0,0,0,0,0,1,0.617,0.539,1,-8.967,1,0.0568,0.385,0.0264,0.338,0.785,0,0,0,0,1,0,0,0,0,0,0,0,1,ska
0,0,0,1,0,0,0,0,0,0,0,0,0,0,0,1,0.497,0.876,0,-9.697,1,0.061,0.000397,0.00201,0.122,0.905,0,0,0,1,0,0,0,0,0,0,0,0,1,ska
0,0,0,0,0,0,1,0,0,0,1,0,0,0,0,0,0.724,0.67,0,-4.686,1,0.0419,0.036,0.0,0.121,0.905,0,0,0,1,0,0,0,0,0,0,0,0,1,ska
0,0,0,0,0,1,0,0,1,0,0,0,0,0,0,0,0.677,0.833,0,-5.499,1,0.0913,0.00019,0.0,0.0573,0.79,0,0,0,1,0,0,0,0,0,0,0,0,1,ska
0,0,0,0,0,1,0,0,0,0,1,0,0,0,0,0,0.599,0.932,0,-3.192,1,0.0821,0.016,0.0,0.0537,0.864,0,0,0,1,0,0,0,0,0,0,0,0,1,ska
0,0,0,1,0,0,0,0,0,0,0,0,0,0,1,0,0.498,0.79,11,-6.726,0,0.0364,1.01e-05,0.00262,0.065,0.576,0,0,1,0,0,0,0,0,0,0,0,0,1,ska
0,0,0,0,0,0,1,0,0,0,0,0,0,0,0,1,0.705,0.854,7,-5.097,1,0.066,0.000652,0.0,0.073,0.853,0,0,0,0,0,0,0,0,0,1,0,0,1,ska
0,0,0,1,0,0,0,0,0,0,0,0,0,0,0,1,0.578,0.869,7,-4.574,1,0.0481,0.0469,9.58e-06,0.0965,0.741,0,0,0,0,0,0,0,0,0,1,0,0,1,ska
0,0,0,0,0,0,1,0,0,0,0,0,0,0,0,1,0.742,0.45,0,-13.333,1,0.0569,0.604,0.0,0.107,0.964,0,0,0,1,0,0,0,0,0,0,0,0,1,ska
0,0,0,1,0,0,0,0,1,0,0,0,0,0,0,0,0.838,0.815,1,-5.756,1,0.123,0.0122,0.000121,0.095,0.961,0,0,0,0,1,0,0,0,0,0,0,0,1,ska
0,0,0,1,0,0,0,0,0,0,0,0,0,0,0,1,0.614,0.824,9,-7.679,1,0.0318,0.000996,1.98e-05,0.0545,0.83,1,0,0,0,0,0,0,0,0,0,0,0,1,ska
1,0,0,0,0,0,0,0,0,0,0,0,0,0,0,1,0.45,0.851,6,-5.23,0,0.141,0.000122,0.0,0.0595,0.405,0,0,0,0,0,0,0,0,1,0,0,0,1,ska
0,0,0,0,0,0,1,0,0,0,1,0,0,0,0,0,0.57,0.93,2,-8.48,1,0.0411,0.0022,0.0121,0.347,0.972,0,0,0,0,0,1,0,0,0,0,0,0,1,ska
0,0,0,0,0,0,1,0,0,0,0,0,0,0,0,1,0.358,0.831,0,-4.165,1,0.0586,0.0593,0.0213,0.157,0.397,0,0,0,1,0,0,0,0,0,0,0,0,1,ska
0,0,0,0,0,0,1,0,0,0,1,0,0,0,0,0,0.888,0.745,10,-4.581,1,0.036,0.0863,0.0,0.127,0.955,0,1,0,0,0,0,0,0,0,0,0,0,1,ska
0,0,0,0,0,1,0,0,0,0,1,0,0,0,0,0,0.604,0.963,5,-5.37,1,0.156,0.006,4.62e-06,0.124,0.482,0,0,0,0,0,0,0,1,0,0,0,0,1,ska
0,0,0,0,0,0,1,0,0,0,0,0,0,0,0,1,0.653,0.564,2,-4.903,1,0.0739,0.722,0.0,0.154,0.8,0,0,0,0,0,1,0,0,0,0,0,1,0,ska
0,0,0,0,0,0,1,0,0,0,0,0,0,1,0,0,0.5,0.836,7,-10.181,1,0.0397,0.141,2.99e-05,0.339,0.972,0,0,0,0,0,0,0,0,0,1,0,0,1,ska
0,0,0,1,0,0,0,0,0,0,0,0,0,0,1,0,0.436,0.879,1,-6.445,1,0.0536,1.31e-05,0.00018,0.0938,0.741,0,0,0,0,1,0,0,0,0,0,0,0,1,ska
0,0,0,1,0,0,0,0,0,0,0,0,0,0,1,0,0.475,0.95,11,-4.274,1,0.0453,0.0027,3.76e-06,0.123,0.948,0,0,1,0,0,0,0,0,0,0,0,0,1,ska
1,0,0,0,0,0,0,0,0,0,0,0,0,0,0,1,0.698,0.769,9,-8.466,0,0.0371,0.141,0.00111,0.239,0.965,1,0,0,0,0,0,0,0,0,0,0,0,1,ska
0,0,0,1,0,0,0,0,0,0,0,0,0,0,0,1,0.792,0.63,5,-5.799,1,0.0577,0.183,0.00341,0.165,0.654,0,0,0,0,0,0,0,1,0,0,0,0,1,ska
0,0,0,0,0,0,1,0,0,0,1,0,0,0,0,0,0.657,0.767,0,-6.39,1,0.0375,0.0474,0.00489,0.512,0.741,0,0,0,1,0,0,0,0,0,0,0,0,1,ska
0,0,0,0,0,0,1,0,0,0,1,0,0,0,0,0,0.466,0.96,0,-3.888,1,0.0543,0.000481,0.0,0.37,0.907,0,0,0,1,0,0,0,0,0,0,0,0,1,ska
0,0,0,0,0,0,1,0,0,0,0,0,0,0,1,0,0.543,0.899,6,-5.633,1,0.075,0.00991,0.0,0.165,0.881,0,0,0,0,0,0,0,0,1,0,0,0,1,ska
0,0,0,0,0,0,1,0,0,0,1,0,0,0,0,0,0.637,0.969,0,-4.682,1,0.0432,0.00473,0.00148,0.0428,0.94,0,0,0,1,0,0,0,0,0,0,0,0,1,ska
1,0,0,0,0,0,0,0,0,0,0,0,0,0,0,1,0.667,0.598,2,-7.929,0,0.0347,0.244,0.00162,0.11,0.642,0,0,0,0,0,1,0,0,0,0,0,0,1,ska
0,0,0,1,0,0,0,0,0,0,0,0,0,0,1,0,0.554,0.767,0,-7.317,1,0.0926,0.0242,0.0154,0.233,0.673,0,0,0,1,0,0,0,0,0,0,0,0,1,ska
0,0,0,0,0,0,1,0,0,0,1,0,0,0,0,0,0.422,0.899,9,-9.261,1,0.127,0.00371,0.000685,0.113,0.651,1,0,0,0,0,0,0,0,0,0,0,0,1,ska
0,0,0,0,0,0,1,0,0,0,1,0,0,0,0,0,0.622,0.745,9,-2.422,1,0.0442,0.447,0.0,0.144,0.671,1,0,0,0,0,0,0,0,0,0,0,0,1,ska
0,0,0,1,0,0,0,0,0,0,0,0,0,0,0,1,0.555,0.802,2,-6.087,1,0.0454,0.00274,0.0121,0.275,0.899,0,0,0,0,0,1,0,0,0,0,0,0,1,ska
0,0,1,0,0,0,0,0,0,0,0,0,0,0,1,0,0.708,0.788,8,-8.374,1,0.139,0.133,0.0,0.0875,0.788,0,0,0,0,0,0,0,0,0,0,1,0,1,ska
0,0,0,0,0,0,1,0,0,0,1,0,0,0,0,0,0.238,0.953,10,-3.852,1,0.102,0.00865,0.0,0.159,0.94,0,1,0,0,0,0,0,0,0,0,0,0,1,ska
0,0,0,0,0,0,1,0,0,0,0,0,0,0,0,1,0.735,0.276,9,-10.145,1,0.0592,0.669,0.000338,0.31,0.77,1,0,0,0,0,0,0,0,0,0,0,0,1,ska
0,0,0,1,0,0,0,0,0,0,0,0,0,0,0,1,0.511,0.988,2,-2.973,1,0.226,0.0346,1.79e-06,0.223,0.578,0,0,0,0,0,1,0,0,0,0,0,0,1,ska
0,0,0,0,0,0,1,0,0,0,1,0,0,0,0,0,0.554,0.569,9,-6.86,1,0.0349,0.0154,1.01e-05,0.457,0.734,1,0,0,0,0,0,0,0,0,0,0,0,1,ska
0,0,0,0,1,0,0,0,0,0,0,0,0,0,0,1,0.372,0.958,0,-4.411,1,0.0393,0.0269,0.0,0.269,0.949,0,0,0,1,0,0,0,0,0,0,0,0,1,ska
0,0,0,0,0,0,0,1,0,0,1,0,0,0,0,0,0.808,0.882,11,-6.487,0,0.06,0.0997,0.000254,0.0726,0.907,0,0,1,0,0,0,0,0,0,0,0,0,1,ska
0,0,0,1,0,0,0,0,0,0,0,0,0,0,0,1,0.576,0.912,5,-6.03,1,0.0534,0.0751,0.000203,0.301,0.96,0,0,0,0,0,0,0,1,0,0,0,0,1,ska
1,0,0,0,0,0,0,0,0,0,0,0,0,0,0,1,0.726,0.666,6,-6.027,0,0.0358,0.419,0.0,0.175,0.692,0,0,0,0,0,0,0,0,1,0,0,0,1,ska
0,0,0,1,0,0,0,0,0,0,0,0,0,0,1,0,0.548,0.874,5,-6.087,1,0.0762,0.00795,0.0,0.331,0.591,0,0,0,0,0,0,0,1,0,0,0,0,1,ska
1,0,0,0,0,0,0,0,0,0,0,0,0,0,0,1,0.559,0.765,9,-3.727,0,0.119,0.0763,3.92e-05,0.0648,0.718,1,0,0,0,0,0,0,0,0,0,0,0,1,ska
0,0,0,1,0,0,0,0,0,0,0,0,0,0,1,0,0.799,0.441,11,-7.851,1,0.122,0.13,0.00122,0.158,0.631,0,0,1,0,0,0,0,0,0,0,0,0,1,ska
0,0,0,1,0,0,0,0,0,0,0,0,1,0,0,0,0.582,0.91,4,-4.566,1,0.107,0.0755,1.03e-06,0.0992,0.733,0,0,0,0,0,0,1,0,0,0,0,0,1,ska
1,0,0,0,0,0,0,0,0,0,0,0,0,0,0,1,0.804,0.606,5,-7.126,0,0.0326,0.00565,0.00618,0.0398,0.954,0,0,0,0,0,0,0,1,0,0,0,0,1,ska
0,0,0,1,0,0,0,0,0,0,0,0,0,0,1,0,0.631,0.944,10,-3.769,1,0.0653,0.0215,1.2e-05,0.238,0.795,0,1,0,0,0,0,0,0,0,0,0,0,1,ska
0,0,0,0,0,0,1,0,0,0,0,0,0,0,0,1,0.582,0.791,10,-4.054,1,0.0364,0.00934,2.1e-05,0.162,0.593,0,1,0,0,0,0,0,0,0,0,0,0,1,ska
0,0,0,0,0,0,1,0,0,0,1,0,0,0,0,0,0.661,0.691,9,-5.72,1,0.117,0.275,7.7e-06,0.0935,0.436,1,0,0,0,0,0,0,0,0,0,0,0,1,ska
0,0,0,0,0,0,1,0,1,0,0,0,0,0,0,0,0.692,0.807,7,-3.609,1,0.0642,0.0861,2.79e-05,0.153,0.816,0,0,0,0,0,0,0,0,0,1,0,0,1,ska
0,0,0,0,0,0,0,1,0,0,0,1,0,0,0,0,0.181,0.903,11,-3.514,0,0.114,0.0089,0.0,0.11,0.371,0,0,1,0,0,0,0,0,0,0,0,0,1,ska
0,0,0,0,0,0,1,0,0,0,1,0,0,0,0,0,0.561,0.868,2,-4.349,1,0.0405,0.0419,0.0,0.0347,0.741,0,0,0,0,0,1,0,0,0,0,0,0,1,ska
0,0,0,0,0,0,1,0,0,0,1,0,0,0,0,0,0.613,0.835,4,-5.928,1,0.129,0.154,0.0,0.0809,0.751,0,0,0,0,0,0,1,0,0,0,0,0,1,ska
0,0,0,0,0,0,1,0,0,0,0,0,0,0,0,1,0.528,0.75,8,-12.132,1,0.035,0.00172,0.0117,0.0508,0.926,0,0,0,0,0,0,0,0,0,0,1,0,1,ska
0,0,0,0,0,0,1,0,0,0,0,0,0,0,0,1,0.471,0.976,10,-4.573,1,0.123,0.075,0.0,0.0557,0.709,0,1,0,0,0,0,0,0,0,0,0,0,1,ska
0,0,0,1,0,0,0,0,0,0,0,0,0,0,0,1,0.654,0.897,8,-5.16,1,0.0574,0.0126,0.0159,0.043,0.909,0,0,0,0,0,0,0,0,0,0,1,0,1,ska
