"Shape_['0', 'b']",Shape_['0'],"Shape_['1', '0']","Shape_['1', 'b', '0']","Shape_['1', 'b']",Shape_['1'],"Shape_['b', '1', '0']",Shape_['b'],"Color_['0', 'b']",Color_['0'],"Color_['b', '0']",Color_['b'],Color_[],danceability,energy,key,loudness,mode,speechiness,acousticness,instrumentalness,liveness,valence,A,A#/Bb,B,C,C#/Db,D,D#/Eb,E,F,F#/Gb,G,G#/Ab,1,3,4,5,Genre
0,0,0,0,0,1,0,0,0,1,0,0,0,0.208,0.00877,2,-33.476,1,0.0418,0.993,0.85,0.0949,0.0396,0,0,0,0,0,1,0,0,0,0,0,0,0,0,1,0,sleep
0,0,1,0,0,0,0,0,0,0,0,0,1,0.127,0.136,8,-19.946,1,0.0445,0.954,0.932,0.108,0.0368,0,0,0,0,0,0,0,0,0,0,0,1,0,0,1,0,sleep
0,0,1,0,0,0,0,0,0,0,0,0,1,0.308,0.0264,5,-29.093,1,0.0422,0.994,0.813,0.0838,0.101,0,0,0,0,0,0,0,0,1,0,0,0,0,0,1,0,sleep
0,0,0,0,0,1,0,0,0,1,0,0,0,0.217,0.00169,0,-34.121,1,0.0425,0.994,0.912,0.139,0.0599,0,0,0,1,0,0,0,0,0,0,0,0,0,0,1,0,sleep
0,0,0,0,0,1,0,0,0,0,0,0,1,0.187,0.0911,0,-28.802,1,0.0489,0.944,0.921,0.104,0.359,0,0,0,1,0,0,0,0,0,0,0,0,0,0,1,0,sleep
0,1,0,0,0,0,0,0,0,0,0,1,0,0.12,0.018,2,-30.883,0,0.0357,0.977,0.863,0.119,0.0924,0,0,0,0,0,1,0,0,0,0,0,0,0,0,1,0,sleep
0,0,0,0,0,1,0,0,0,0,0,0,1,0.209,0.0219,5,-25.95,1,0.0344,0.954,0.938,0.104,0.0358,0,0,0,0,0,0,0,0,1,0,0,0,1,0,0,0,sleep
1,0,0,0,0,0,0,0,0,0,0,0,1,0.17,0.148,7,-21.697,0,0.0369,0.891,0.826,0.197,0.0387,0,0,0,0,0,0,0,0,0,0,1,0,0,0,1,0,sleep
0,0,0,0,0,1,0,0,0,0,1,0,0,0.176,0.0327,7,-31.7,1,0.0555,0.99,0.905,0.109,0.0545,0,0,0,0,0,0,0,0,0,0,1,0,0,0,0,1,sleep
0,1,0,0,0,0,0,0,0,0,0,0,1,0.625,0.00844,0,-23.823,0,0.0801,0.996,0.959,0.108,0.571,0,0,0,1,0,0,0,0,0,0,0,0,0,0,0,1,sleep
1,0,0,0,0,0,0,0,0,0,0,0,1,0.173,0.0611,11,-25.657,0,0.0342,0.954,0.908,0.111,0.0389,0,0,1,0,0,0,0,0,0,0,0,0,0,1,0,0,sleep
0,0,0,0,0,1,0,0,0,0,0,0,1,0.511,0.0322,8,-24.03,1,0.0446,0.994,0.936,0.094,0.213,0,0,0,0,0,0,0,0,0,0,0,1,0,0,1,0,sleep
0,0,1,0,0,0,0,0,0,0,0,0,1,0.166,0.00402,9,-36.024,1,0.0397,0.995,0.895,0.0966,0.0934,1,0,0,0,0,0,0,0,0,0,0,0,0,1,0,0,sleep
0,1,0,0,0,0,0,0,0,0,0,0,1,0.186,0.0113,10,-36.853,0,0.0388,0.987,0.963,0.1,0.154,0,1,0,0,0,0,0,0,0,0,0,0,0,0,1,0,sleep
1,0,0,0,0,0,0,0,0,0,0,0,1,0.191,0.122,0,-22.429,0,0.0458,0.95,0.889,0.0961,0.0335,0,0,0,1,0,0,0,0,0,0,0,0,0,1,0,0,sleep
0,0,0,0,0,1,0,0,0,0,0,1,0,0.142,0.0412,8,-22.866,1,0.0466,0.963,0.813,0.129,0.0369,0,0,0,0,0,0,0,0,0,0,0,1,0,0,1,0,sleep
0,0,1,0,0,0,0,0,0,0,0,1,0,0.152,0.0692,2,-22.101,1,0.0467,0.94,0.916,0.0997,0.0342,0,0,0,0,0,1,0,0,0,0,0,0,1,0,0,0,sleep
0,0,0,0,0,1,0,0,0,0,0,0,1,0.473,0.0704,0,-19.999,1,0.0314,0.961,0.865,0.0948,0.0366,0,0,0,1,0,0,0,0,0,0,0,0,0,0,1,0,sleep
1,0,0,0,0,0,0,0,0,0,0,0,1,0.21,0.00385,9,-37.141,0,0.0348,0.992,0.95,0.0738,0.114,1,0,0,0,0,0,0,0,0,0,0,0,0,0,1,0,sleep
1,0,0,0,0,0,0,0,0,0,0,0,1,0.173,0.0185,2,-36.582,0,0.0403,0.965,0.905,0.1,0.0642,0,0,0,0,0,1,0,0,0,0,0,0,0,0,1,0,sleep
0,0,0,0,0,1,0,0,0,1,0,0,0,0.553,0.00362,11,-30.443,1,0.134,0.995,0.972,0.0983,0.499,0,0,1,0,0,0,0,0,0,0,0,0,0,1,0,0,sleep
0,0,1,0,0,0,0,0,0,0,0,0,1,0.143,0.0187,3,-28.343,1,0.0366,0.984,0.942,0.142,0.137,0,0,0,0,0,0,1,0,0,0,0,0,0,0,1,0,sleep
0,0,0,0,1,0,0,0,0,0,0,0,1,0.134,0.0121,5,-27.531,1,0.0443,0.964,0.889,0.104,0.132,0,0,0,0,0,0,0,0,1,0,0,0,0,1,0,0,sleep
0,1,0,0,0,0,0,0,0,0,0,1,0,0.224,0.0138,10,-30.011,0,0.0367,0.994,0.904,0.105,0.0863,0,1,0,0,0,0,0,0,0,0,0,0,0,0,1,0,sleep
0,0,0,0,0,1,0,0,0,1,0,0,0,0.56,0.0196,0,-25.043,1,0.0446,0.994,0.93,0.0964,0.287,0,0,0,1,0,0,0,0,0,0,0,0,0,0,1,0,sleep
0,0,0,0,0,1,0,0,0,0,0,0,1,0.313,0.00729,9,-29.599,1,0.0388,0.993,0.796,0.106,0.0799,1,0,0,0,0,0,0,0,0,0,0,0,0,0,1,0,sleep
1,0,0,0,0,0,0,0,0,0,0,0,1,0.212,0.00749,2,-29.575,0,0.0352,0.996,0.931,0.0761,0.0985,0,0,0,0,0,1,0,0,0,0,0,0,0,0,1,0,sleep
0,0,0,0,0,1,0,0,0,0,0,1,0,0.517,0.0217,7,-22.278,1,0.0548,0.993,0.959,0.0837,0.259,0,0,0,0,0,0,0,0,0,0,1,0,0,0,1,0,sleep
0,0,0,0,0,1,0,0,0,0,0,0,1,0.158,0.153,4,-19.448,1,0.0346,0.679,0.901,0.108,0.0655,0,0,0,0,0,0,0,1,0,0,0,0,0,0,0,1,sleep
0,1,0,0,0,0,0,0,0,0,0,1,0,0.252,0.00269,0,-33.855,0,0.0389,0.984,0.987,0.115,0.0584,0,0,0,1,0,0,0,0,0,0,0,0,0,0,0,1,sleep
0,0,0,0,0,1,0,0,0,0,0,0,1,0.142,0.0263,5,-30.559,1,0.0376,0.898,0.912,0.0911,0.0382,0,0,0,0,0,0,0,0,1,0,0,0,0,0,1,0,sleep
1,0,0,0,0,0,0,0,0,0,0,0,1,0.18,0.0793,0,-24.892,0,0.0344,0.815,0.945,0.122,0.06,0,0,0,1,0,0,0,0,0,0,0,0,0,1,0,0,sleep
0,0,0,0,0,1,0,0,0,0,0,0,1,0.115,0.0664,1,-26.363,1,0.0405,0.958,0.924,0.0817,0.038,0,0,0,0,1,0,0,0,0,0,0,0,0,0,1,0,sleep
1,0,0,0,0,0,0,0,0,0,0,0,1,0.0793,0.163,0,-22.164,0,0.0368,0.867,0.908,0.0932,0.0347,0,0,0,1,0,0,0,0,0,0,0,0,0,0,1,0,sleep
0,1,0,0,0,0,0,0,0,0,0,1,0,0.143,0.00679,10,-30.543,0,0.039,0.993,0.925,0.115,0.0624,0,1,0,0,0,0,0,0,0,0,0,0,0,0,1,0,sleep
0,1,0,0,0,0,0,0,0,0,0,0,1,0.136,0.0624,9,-22.972,0,0.0359,0.911,0.864,0.113,0.037,1,0,0,0,0,0,0,0,0,0,0,0,0,0,1,0,sleep
1,0,0,0,0,0,0,0,0,0,0,0,1,0.117,0.121,6,-22.695,0,0.047,0.781,0.816,0.101,0.0383,0,0,0,0,0,0,0,0,0,1,0,0,0,0,1,0,sleep
1,0,0,0,0,0,0,0,0,0,0,0,1,0.115,0.109,2,-23.219,0,0.0356,0.94,0.951,0.0888,0.0391,0,0,0,0,0,1,0,0,0,0,0,0,0,0,1,0,sleep
0,0,0,0,0,1,0,0,0,0,0,0,1,0.0713,0.0878,5,-25.28,1,0.044,0.928,0.882,0.111,0.0595,0,0,0,0,0,0,0,0,1,0,0,0,0,0,1,0,sleep
0,0,0,0,0,1,0,0,0,0,0,0,1,0.313,0.0102,1,-23.15,1,0.0326,0.992,0.907,0.103,0.0965,0,0,0,0,1,0,0,0,0,0,0,0,0,0,1,0,sleep
0,0,1,0,0,0,0,0,0,0,0,0,1,0.418,0.0165,3,-29.328,1,0.0311,0.986,0.917,0.125,0.0513,0,0,0,0,0,0,1,0,0,0,0,0,0,0,1,0,sleep
1,0,0,0,0,0,0,0,0,0,0,0,1,0.402,0.0039,9,-24.714,0,0.0581,0.989,0.952,0.108,0.182,1,0,0,0,0,0,0,0,0,0,0,0,0,0,1,0,sleep
0,0,0,0,0,1,0,0,0,0,0,0,1,0.368,0.00892,10,-29.555,1,0.05,0.99,0.911,0.102,0.287,0,1,0,0,0,0,0,0,0,0,0,0,0,1,0,0,sleep
0,0,0,0,0,1,0,0,1,0,0,0,0,0.264,0.0148,3,-28.971,1,0.041,0.977,0.892,0.107,0.0495,0,0,0,0,0,0,1,0,0,0,0,0,0,0,1,0,sleep
1,0,0,0,0,0,0,0,0,0,0,0,1,0.124,0.0399,6,-29.689,0,0.0721,0.992,0.894,0.18,0.0928,0,0,0,0,0,0,0,0,0,1,0,0,0,0,1,0,sleep
0,0,0,0,0,1,0,0,0,0,0,1,0,0.18,0.103,5,-26.94,1,0.04,0.862,0.779,0.0903,0.0386,0,0,0,0,0,0,0,0,1,0,0,0,0,0,1,0,sleep
0,0,0,0,0,1,0,0,0,0,0,0,1,0.356,0.0402,0,-25.461,1,0.0435,0.989,0.92,0.118,0.299,0,0,0,1,0,0,0,0,0,0,0,0,0,1,0,0,sleep
1,0,0,0,0,0,0,0,0,0,0,0,1,0.274,0.0417,0,-23.499,0,0.034,0.902,0.903,0.112,0.0613,0,0,0,1,0,0,0,0,0,0,0,0,0,0,1,0,sleep
0,0,1,0,0,0,0,0,0,0,0,0,1,0.0695,0.032,3,-30.142,1,0.0422,0.931,0.834,0.11,0.137,0,0,0,0,0,0,1,0,0,0,0,0,0,1,0,0,sleep
0,0,0,0,0,1,0,0,0,0,0,0,1,0.163,0.0959,8,-26.962,1,0.0414,0.944,0.841,0.111,0.305,0,0,0,0,0,0,0,0,0,0,0,1,0,0,1,0,sleep
0,0,1,0,0,0,0,0,0,0,0,0,1,0.0966,0.088,0,-22.436,1,0.046,0.705,0.866,0.0965,0.0394,0,0,0,1,0,0,0,0,0,0,0,0,0,1,0,0,sleep
1,0,0,0,0,0,0,0,0,0,0,0,1,0.191,0.00224,5,-31.357,0,0.0386,0.992,0.868,0.112,0.0687,0,0,0,0,0,0,0,0,1,0,0,0,0,0,1,0,sleep
0,0,1,0,0,0,0,0,0,0,0,0,1,0.452,0.0256,5,-29.035,1,0.0325,0.926,0.875,0.0866,0.135,0,0,0,0,0,0,0,0,1,0,0,0,0,0,1,0,sleep
0,0,1,0,0,0,0,0,0,0,0,1,0,0.479,0.00601,0,-36.032,1,0.038,0.924,0.938,0.348,0.245,0,0,0,1,0,0,0,0,0,0,0,0,0,0,1,0,sleep
0,0,1,0,0,0,0,0,0,0,0,1,0,0.249,0.00248,2,-30.501,1,0.036,0.994,0.931,0.118,0.0788,0,0,0,0,0,1,0,0,0,0,0,0,0,0,1,0,sleep
0,0,1,0,0,0,0,0,0,0,0,0,1,0.243,0.00604,7,-31.018,1,0.0405,0.995,0.972,0.159,0.0672,0,0,0,0,0,0,0,0,0,0,1,0,0,0,1,0,sleep
0,0,0,0,0,1,0,0,0,0,0,0,1,0.289,0.0386,0,-24.586,1,0.037,0.982,0.875,0.0802,0.0395,0,0,0,1,0,0,0,0,0,0,0,0,0,1,0,0,sleep
0,0,0,0,0,1,0,0,0,0,1,0,0,0.256,0.00486,5,-33.197,1,0.0403,0.993,0.872,0.111,0.058,0,0,0,0,0,0,0,0,1,0,0,0,0,1,0,0,sleep
0,0,0,0,0,0,1,0,0,0,0,0,1,0.224,0.00828,2,-31.722,1,0.0366,0.992,0.875,0.0996,0.069,0,0,0,0,0,1,0,0,0,0,0,0,0,0,1,0,sleep
1,0,0,0,0,0,0,0,0,0,0,0,1,0.0902,0.0445,1,-23.641,0,0.0419,0.97,0.884,0.0875,0.0412,0,0,0,0,1,0,0,0,0,0,0,0,0,1,0,0,sleep
0,0,0,0,0,0,0,1,0,1,0,0,0,0.243,0.0255,11,-26.055,0,0.0371,0.987,0.943,0.0889,0.0854,0,0,1,0,0,0,0,0,0,0,0,0,0,0,1,0,sleep
0,0,0,0,0,1,0,0,0,0,1,0,0,0.325,0.0101,5,-27.038,1,0.0419,0.996,0.94,0.107,0.2,0,0,0,0,0,0,0,0,1,0,0,0,0,0,1,0,sleep
0,0,1,0,0,0,0,0,0,0,0,0,1,0.0951,0.00524,0,-37.806,1,0.0444,0.992,0.898,0.0703,0.0917,0,0,0,1,0,0,0,0,0,0,0,0,0,0,1,0,sleep
0,0,0,1,0,0,0,0,0,0,0,0,1,0.289,0.0221,2,-27.635,1,0.057,0.996,0.952,0.101,0.0979,0,0,0,0,0,1,0,0,0,0,0,0,0,0,0,1,sleep
0,0,1,0,0,0,0,0,0,0,0,0,1,0.422,0.0332,0,-24.949,1,0.0378,0.978,0.886,0.103,0.05,0,0,0,1,0,0,0,0,0,0,0,0,0,0,1,0,sleep
0,0,1,0,0,0,0,0,0,0,0,0,1,0.155,0.0515,10,-26.058,1,0.0434,0.974,0.952,0.106,0.0371,0,1,0,0,0,0,0,0,0,0,0,0,0,1,0,0,sleep
0,0,0,0,0,1,0,0,0,0,0,0,1,0.0928,0.147,9,-23.161,1,0.0379,0.848,0.8,0.122,0.0373,1,0,0,0,0,0,0,0,0,0,0,0,0,0,1,0,sleep
0,0,0,0,0,1,0,0,0,1,0,0,0,0.0974,0.431,9,-17.011,1,0.0411,0.923,0.827,0.166,0.0599,1,0,0,0,0,0,0,0,0,0,0,0,0,0,1,0,sleep
0,0,1,0,0,0,0,0,0,0,0,1,0,0.116,0.107,0,-25.456,1,0.0375,0.957,0.87,0.1,0.0379,0,0,0,1,0,0,0,0,0,0,0,0,0,0,1,0,sleep
0,1,0,0,0,0,0,0,0,0,0,1,0,0.432,0.0447,3,-28.354,0,0.0366,0.987,0.948,0.0932,0.159,0,0,0,0,0,0,1,0,0,0,0,0,0,0,1,0,sleep
0,0,0,0,0,1,0,0,0,0,0,0,1,0.195,0.0557,10,-25.005,1,0.0444,0.949,0.933,0.115,0.0387,0,1,0,0,0,0,0,0,0,0,0,0,0,1,0,0,sleep
0,0,1,0,0,0,0,0,0,0,0,0,1,0.203,0.00588,5,-34.66,1,0.0391,0.99,0.829,0.118,0.0418,0,0,0,0,0,0,0,0,1,0,0,0,0,0,1,0,sleep
0,0,1,0,0,0,0,0,0,0,0,0,1,0.201,0.00272,10,-35.169,1,0.041,0.987,0.879,0.116,0.0992,0,1,0,0,0,0,0,0,0,0,0,0,0,0,1,0,sleep
0,0,0,0,0,1,0,0,0,0,0,0,1,0.111,0.0118,2,-31.874,1,0.0403,0.985,0.917,0.108,0.0812,0,0,0,0,0,1,0,0,0,0,0,0,0,1,0,0,sleep
0,0,1,0,0,0,0,0,0,0,0,0,1,0.266,0.0205,3,-29.372,1,0.0358,0.928,0.907,0.113,0.107,0,0,0,0,0,0,1,0,0,0,0,0,0,0,1,0,sleep
0,0,1,0,0,0,0,0,0,0,0,0,1,0.172,0.0223,2,-30.281,1,0.0395,0.993,0.937,0.0959,0.0381,0,0,0,0,0,1,0,0,0,0,0,0,0,0,1,0,sleep
0,0,0,0,0,1,0,0,0,1,0,0,0,0.215,0.0441,8,-24.86,1,0.0362,0.976,0.901,0.0818,0.0378,0,0,0,0,0,0,0,0,0,0,0,1,0,0,1,0,sleep
0,0,1,0,0,0,0,0,0,0,0,0,1,0.0777,0.083,0,-27.513,1,0.0436,0.93,0.707,0.0843,0.0394,0,0,0,1,0,0,0,0,0,0,0,0,0,1,0,0,sleep
0,0,0,0,0,1,0,0,0,0,0,0,1,0.261,0.0257,1,-25.711,1,0.0406,0.956,0.878,0.111,0.0795,0,0,0,0,1,0,0,0,0,0,0,0,0,0,0,1,sleep
1,0,0,0,0,0,0,0,0,0,0,0,1,0.115,0.0197,4,-25.263,0,0.0375,0.966,0.928,0.195,0.0651,0,0,0,0,0,0,0,1,0,0,0,0,0,0,1,0,sleep
1,0,0,0,0,0,0,0,0,0,0,0,1,0.121,0.194,9,-17.193,0,0.0356,0.911,0.854,0.11,0.257,1,0,0,0,0,0,0,0,0,0,0,0,0,0,1,0,sleep
0,0,1,0,0,0,0,0,0,0,0,0,1,0.37,0.00271,0,-26.981,1,0.0477,0.994,0.927,0.124,0.245,0,0,0,1,0,0,0,0,0,0,0,0,0,0,1,0,sleep
0,0,0,0,0,1,0,0,0,0,0,0,1,0.192,0.00531,10,-32.77,1,0.0286,0.987,0.844,0.081,0.0361,0,1,0,0,0,0,0,0,0,0,0,0,0,0,0,1,sleep
0,0,0,0,1,0,0,0,0,0,0,0,1,0.211,0.0287,5,-30.39,1,0.0633,0.996,0.955,0.0896,0.325,0,0,0,0,0,0,0,0,1,0,0,0,0,1,0,0,sleep
0,0,1,0,0,0,0,0,0,0,0,1,0,0.236,0.00858,3,-28.132,1,0.0477,0.99,0.879,0.123,0.0419,0,0,0,0,0,0,1,0,0,0,0,0,0,1,0,0,sleep
1,0,0,0,0,0,0,0,0,0,0,0,1,0.419,0.0168,0,-26.478,0,0.0379,0.969,0.939,0.111,0.278,0,0,0,1,0,0,0,0,0,0,0,0,0,0,1,0,sleep
0,0,0,0,0,1,0,0,0,1,0,0,0,0.311,0.0484,5,-25.137,1,0.044,0.989,0.92,0.122,0.0997,0,0,0,0,0,0,0,0,1,0,0,0,0,1,0,0,sleep
1,0,0,0,0,0,0,0,0,0,0,0,1,0.155,0.00512,8,-36.056,0,0.0419,0.961,0.894,0.1,0.183,0,0,0,0,0,0,0,0,0,0,0,1,0,0,1,0,sleep
1,0,0,0,0,0,0,0,0,0,0,0,1,0.0939,0.0163,2,-34.191,0,0.0488,0.991,0.838,0.11,0.0398,0,0,0,0,0,1,0,0,0,0,0,0,0,0,1,0,sleep
1,0,0,0,0,0,0,0,0,0,0,0,1,0.162,0.00109,11,-47.452,0,0.0478,0.972,0.913,0.0851,0.0536,0,0,1,0,0,0,0,0,0,0,0,0,0,0,1,0,sleep
0,0,0,0,0,1,0,0,0,1,0,0,0,0.391,0.00241,7,-30.569,1,0.079,0.996,0.949,0.134,0.388,0,0,0,0,0,0,0,0,0,0,1,0,0,0,1,0,sleep
0,0,0,0,0,1,0,0,0,0,0,1,0,0.203,0.00541,0,-32.599,1,0.0382,0.981,0.902,0.111,0.0511,0,0,0,1,0,0,0,0,0,0,0,0,0,1,0,0,sleep
0,1,0,0,0,0,0,0,0,0,0,1,0,0.265,0.0147,8,-31.932,0,0.035,0.993,0.949,0.103,0.0745,0,0,0,0,0,0,0,0,0,0,0,1,0,1,0,0,sleep
0,1,0,0,0,0,0,0,0,0,0,1,0,0.508,0.0666,0,-28.189,0,0.0508,0.993,0.931,0.108,0.323,0,0,0,1,0,0,0,0,0,0,0,0,0,1,0,0,sleep
1,0,0,0,0,0,0,0,0,0,0,0,1,0.166,0.0432,0,-25.863,0,0.0454,0.929,0.929,0.0947,0.0749,0,0,0,1,0,0,0,0,0,0,0,0,0,0,1,0,sleep
0,0,1,0,0,0,0,0,0,0,0,0,1,0.155,0.0276,11,-24.866,1,0.0424,0.982,0.911,0.0973,0.122,0,0,1,0,0,0,0,0,0,0,0,0,0,0,1,0,sleep
0,0,0,0,0,1,0,0,0,1,0,0,0,0.369,0.119,0,-17.437,1,0.0405,0.941,0.9,0.104,0.0687,0,0,0,1,0,0,0,0,0,0,0,0,0,0,1,0,sleep
0,0,1,0,0,0,0,0,0,0,0,1,0,0.188,0.0259,11,-23.169,1,0.0369,0.967,0.957,0.103,0.0625,0,0,1,0,0,0,0,0,0,0,0,0,0,0,1,0,sleep
0,0,1,0,0,0,0,0,0,0,0,1,0,0.223,0.00737,7,-32.812,1,0.0353,0.995,0.89,0.0788,0.103,0,0,0,0,0,0,0,0,0,0,1,0,0,0,1,0,sleep
0,0,0,0,0,1,0,0,0,1,0,0,0,0.257,0.0123,9,-34.145,1,0.0402,0.991,0.92,0.0949,0.0687,1,0,0,0,0,0,0,0,0,0,0,0,0,0,1,0,sleep
