"Shape_['0', 'b']",Shape_['0'],"Shape_['1', '0', 'b']","Shape_['1', '0']","Shape_['1', 'b']",Shape_['1'],"Shape_['b', '1', '0']",Color_['#'],Color_['0'],Color_['1'],"Color_['b', '#']","Color_['b', '1']",Color_['b'],Color_[],danceability,energy,key,loudness,mode,speechiness,acousticness,instrumentalness,liveness,valence,A,A#/Bb,B,C,C#/Db,D,E,F,F#/Gb,G,G#/Ab,4,Genre
0,0,0,1,0,0,0,0,0,0,0,0,1,0,0.823,0.622,11,-5.706,1,0.0491,0.0105,2.69e-06,0.0453,0.602,0,0,1,0,0,0,0,0,0,0,0,1,spanish
0,0,0,0,0,1,0,0,1,0,0,0,0,0,0.595,0.807,7,-2.409,1,0.0489,0.416,1.41e-05,0.565,0.919,0,0,0,0,0,0,0,0,0,1,0,1,spanish
0,1,0,0,0,0,0,0,0,0,0,0,1,0,0.836,0.961,7,-2.679,0,0.0635,0.194,0.0,0.074,0.76,0,0,0,0,0,0,0,0,0,1,0,1,spanish
0,0,0,1,0,0,0,0,0,0,0,0,0,1,0.803,0.715,2,-3.28,1,0.298,0.295,0.000134,0.0574,0.574,0,0,0,0,0,1,0,0,0,0,0,1,spanish
1,0,0,0,0,0,0,0,0,0,0,0,0,1,0.87,0.472,4,-7.596,0,0.0457,0.501,0.0,0.278,0.698,0,0,0,0,0,0,1,0,0,0,0,1,spanish
1,0,0,0,0,0,0,0,0,0,0,0,0,1,0.616,0.989,9,-1.698,0,0.0483,0.166,0.0,0.172,0.902,1,0,0,0,0,0,0,0,0,0,0,1,spanish
0,0,0,1,0,0,0,0,0,0,0,0,1,0,0.782,0.644,10,-3.929,1,0.0809,0.585,0.0,0.108,0.695,0,1,0,0,0,0,0,0,0,0,0,1,spanish
1,0,0,0,0,0,0,0,0,0,0,0,0,1,0.775,0.696,1,-5.184,0,0.0681,0.0559,0.00184,0.157,0.775,0,0,0,0,1,0,0,0,0,0,0,1,spanish
0,0,0,1,0,0,0,0,0,0,0,0,0,1,0.628,0.69,8,-5.828,1,0.0511,0.446,0.0,0.112,0.662,0,0,0,0,0,0,0,0,0,0,1,1,spanish
1,0,0,0,0,0,0,0,0,0,0,0,0,1,0.775,0.633,10,-3.332,0,0.133,0.201,0.0,0.219,0.394,0,1,0,0,0,0,0,0,0,0,0,1,spanish
0,0,0,1,0,0,0,0,0,0,0,0,0,1,0.857,0.823,11,-4.22,1,0.0516,0.0206,0.00077,0.0593,0.57,0,0,1,0,0,0,0,0,0,0,0,1,spanish
0,0,0,0,0,1,0,0,0,0,0,0,1,0,0.82,0.731,9,-6.02,1,0.159,0.0133,1.94e-05,0.131,0.793,1,0,0,0,0,0,0,0,0,0,0,1,spanish
0,0,0,1,0,0,0,0,0,0,0,0,0,1,0.729,0.726,5,-3.208,1,0.0422,0.223,0.0,0.101,0.876,0,0,0,0,0,0,0,1,0,0,0,1,spanish
0,0,0,0,0,1,0,0,0,0,1,0,0,0,0.658,0.901,7,-2.814,1,0.0357,0.0478,0.0,0.12,0.708,0,0,0,0,0,0,0,0,0,1,0,1,spanish
0,0,1,0,0,0,0,0,0,0,0,0,0,1,0.809,0.883,8,-2.965,1,0.0689,0.238,0.00234,0.0625,0.918,0,0,0,0,0,0,0,0,0,0,1,1,spanish
1,0,0,0,0,0,0,0,0,0,0,0,0,1,0.721,0.716,10,-7.037,0,0.0657,0.0334,0.00084,0.237,0.667,0,1,0,0,0,0,0,0,0,0,0,1,spanish
1,0,0,0,0,0,0,0,0,0,0,0,0,1,0.817,0.665,9,-6.224,0,0.0758,0.0549,0.0,0.103,0.662,1,0,0,0,0,0,0,0,0,0,0,1,spanish
1,0,0,0,0,0,0,0,0,0,0,0,0,1,0.746,0.993,2,-2.134,0,0.0499,0.0866,0.0548,0.0689,0.972,0,0,0,0,0,1,0,0,0,0,0,1,spanish
1,0,0,0,0,0,0,0,0,0,0,0,0,1,0.673,0.752,11,-4.705,0,0.0567,0.214,1.53e-06,0.106,0.699,0,0,1,0,0,0,0,0,0,0,0,1,spanish
1,0,0,0,0,0,0,0,0,0,0,0,0,1,0.886,0.752,1,-3.819,0,0.0949,0.191,2.76e-06,0.146,0.435,0,0,0,0,1,0,0,0,0,0,0,1,spanish
0,0,0,1,0,0,0,0,0,0,0,0,1,0,0.831,0.818,2,-7.827,1,0.0825,0.0242,0.000336,0.0892,0.807,0,0,0,0,0,1,0,0,0,0,0,1,spanish
1,0,0,0,0,0,0,0,0,0,0,0,0,1,0.887,0.633,5,-4.075,0,0.0896,0.0486,1.16e-05,0.109,0.892,0,0,0,0,0,0,0,1,0,0,0,1,spanish
0,0,0,1,0,0,0,0,0,0,0,0,0,1,0.738,0.748,0,-4.902,1,0.0453,0.182,0.0,0.11,0.896,0,0,0,1,0,0,0,0,0,0,0,1,spanish
1,0,0,0,0,0,0,0,0,0,0,0,0,1,0.852,0.654,10,-6.461,0,0.0585,0.0599,2.52e-06,0.0457,0.949,0,1,0,0,0,0,0,0,0,0,0,1,spanish
0,0,0,0,0,1,0,0,1,0,0,0,0,0,0.731,0.832,9,-2.592,1,0.0503,0.273,0.0,0.0665,0.94,1,0,0,0,0,0,0,0,0,0,0,1,spanish
0,0,0,1,0,0,0,0,0,0,0,0,0,1,0.786,0.808,7,-3.702,1,0.0882,0.0846,0.000289,0.0822,0.609,0,0,0,0,0,0,0,0,0,1,0,1,spanish
0,0,0,0,1,0,0,0,0,0,0,0,0,1,0.8,0.669,1,-12.898,1,0.0546,0.19,2.35e-05,0.0609,0.721,0,0,0,0,1,0,0,0,0,0,0,1,spanish
0,0,0,1,0,0,0,0,0,0,0,0,0,1,0.78,0.759,1,-3.292,1,0.225,0.462,0.000868,0.143,0.579,0,0,0,0,1,0,0,0,0,0,0,1,spanish
0,1,0,0,0,0,0,0,0,0,0,0,1,0,0.822,0.743,6,-3.04,0,0.0567,0.285,2.31e-06,0.102,0.355,0,0,0,0,0,0,0,0,1,0,0,1,spanish
1,0,0,0,0,0,0,0,0,0,0,0,0,1,0.783,0.87,8,-4.657,0,0.0485,0.185,0.0,0.393,0.692,0,0,0,0,0,0,0,0,0,0,1,1,spanish
0,0,0,1,0,0,0,0,0,0,0,0,0,1,0.731,0.621,7,-4.959,1,0.436,0.348,0.0,0.0773,0.751,0,0,0,0,0,0,0,0,0,1,0,1,spanish
0,0,0,1,0,0,0,0,0,0,0,0,0,1,0.725,0.79,0,-2.331,1,0.197,0.0711,1.14e-06,0.0602,0.763,0,0,0,1,0,0,0,0,0,0,0,1,spanish
1,0,0,0,0,0,0,0,0,0,0,0,0,1,0.82,0.937,5,-4.81,0,0.0551,0.135,0.000128,0.35,0.906,0,0,0,0,0,0,0,1,0,0,0,1,spanish
1,0,0,0,0,0,0,0,0,0,0,0,0,1,0.734,0.836,10,-4.803,0,0.0735,0.017,1.64e-05,0.179,0.623,0,1,0,0,0,0,0,0,0,0,0,1,spanish
0,0,0,1,0,0,0,0,0,0,0,0,0,1,0.61,0.624,2,-4.773,1,0.309,0.6,2.12e-06,0.243,0.244,0,0,0,0,0,1,0,0,0,0,0,1,spanish
0,0,0,1,0,0,0,0,0,0,0,0,1,0,0.829,0.878,9,-5.951,1,0.101,0.0959,0.0,0.776,0.883,1,0,0,0,0,0,0,0,0,0,0,1,spanish
0,0,0,0,1,0,0,0,0,0,0,0,0,1,0.861,0.599,1,-4.205,1,0.246,0.183,0.0,0.0921,0.869,0,0,0,0,1,0,0,0,0,0,0,1,spanish
0,1,0,0,0,0,0,0,0,0,0,1,0,0,0.83,0.71,11,-5.523,0,0.326,0.374,0.0,0.0877,0.703,0,0,1,0,0,0,0,0,0,0,0,1,spanish
0,0,0,1,0,0,0,0,0,0,0,0,0,1,0.72,0.717,2,-5.415,1,0.222,0.105,0.0,0.429,0.477,0,0,0,0,0,1,0,0,0,0,0,1,spanish
0,0,0,1,0,0,0,0,0,0,0,0,0,1,0.834,0.808,11,-2.597,1,0.0542,0.0569,0.00052,0.222,0.829,0,0,1,0,0,0,0,0,0,0,0,1,spanish
0,0,0,1,0,0,0,0,0,0,0,0,1,0,0.795,0.783,5,-4.271,1,0.0432,0.361,0.0,0.437,0.8,0,0,0,0,0,0,0,1,0,0,0,1,spanish
0,0,0,0,0,0,1,1,0,0,0,0,0,0,0.857,0.801,0,-6.499,1,0.0618,0.332,1.2e-06,0.0789,0.753,0,0,0,1,0,0,0,0,0,0,0,1,spanish
0,0,0,1,0,0,0,0,0,0,0,0,0,1,0.777,0.712,10,-4.84,1,0.277,0.217,0.0,0.091,0.68,0,1,0,0,0,0,0,0,0,0,0,1,spanish
0,0,0,0,0,1,0,0,1,0,0,0,0,0,0.882,0.689,6,-4.027,1,0.124,0.39,0.00325,0.0501,0.746,0,0,0,0,0,0,0,0,1,0,0,1,spanish
1,0,0,0,0,0,0,0,0,0,0,0,0,1,0.903,0.675,11,-3.445,0,0.214,0.542,1.28e-05,0.0595,0.442,0,0,1,0,0,0,0,0,0,0,0,1,spanish
0,0,0,0,1,0,0,0,0,0,0,0,0,1,0.836,0.834,6,-2.441,1,0.197,0.0454,0.0,0.29,0.821,0,0,0,0,0,0,0,0,1,0,0,1,spanish
1,0,0,0,0,0,0,0,0,0,0,0,0,1,0.757,0.832,4,-3.674,0,0.229,0.127,0.0,0.167,0.53,0,0,0,0,0,0,1,0,0,0,0,1,spanish
0,0,0,1,0,0,0,0,0,0,0,0,0,1,0.755,0.792,6,-4.238,1,0.0484,0.028,0.0,0.0754,0.844,0,0,0,0,0,0,0,0,1,0,0,1,spanish
1,0,0,0,0,0,0,0,0,0,0,0,0,1,0.749,0.887,8,-5.663,0,0.099,0.000635,0.209,0.0161,0.85,0,0,0,0,0,0,0,0,0,0,1,1,spanish
0,1,0,0,0,0,0,0,0,0,0,0,1,0,0.737,0.86,8,-2.652,0,0.0593,0.11,1.94e-06,0.0574,0.656,0,0,0,0,0,0,0,0,0,0,1,1,spanish
0,1,0,0,0,0,0,0,0,0,0,0,1,0,0.837,0.791,4,-3.157,0,0.0773,0.252,1.14e-06,0.188,0.618,0,0,0,0,0,0,1,0,0,0,0,1,spanish
1,0,0,0,0,0,0,0,0,0,0,0,0,1,0.826,0.773,11,-4.218,0,0.0524,0.323,0.0,0.143,0.761,0,0,1,0,0,0,0,0,0,0,0,1,spanish
0,0,0,1,0,0,0,0,0,0,0,0,0,1,0.851,0.736,7,-3.647,1,0.0625,0.198,1.7e-06,0.24,0.826,0,0,0,0,0,0,0,0,0,1,0,1,spanish
0,0,0,1,0,0,0,0,0,0,0,0,1,0,0.807,0.803,11,-4.156,1,0.126,0.602,0.00853,0.136,0.706,0,0,1,0,0,0,0,0,0,0,0,1,spanish
1,0,0,0,0,0,0,0,0,0,0,0,0,1,0.743,0.855,5,-3.976,0,0.0436,0.141,0.0045,0.099,0.871,0,0,0,0,0,0,0,1,0,0,0,1,spanish
0,0,0,0,0,1,0,0,1,0,0,0,0,0,0.751,0.665,8,-3.083,1,0.124,0.265,0.0,0.0515,0.698,0,0,0,0,0,0,0,0,0,0,1,1,spanish
1,0,0,0,0,0,0,0,0,1,0,0,0,0,0.816,0.754,11,-2.75,0,0.111,0.0361,0.0,0.217,0.533,0,0,1,0,0,0,0,0,0,0,0,1,spanish
1,0,0,0,0,0,0,0,0,0,0,0,0,1,0.817,0.539,6,-6.349,0,0.0621,0.0141,0.000496,0.099,0.158,0,0,0,0,0,0,0,0,1,0,0,1,spanish
1,0,0,0,0,0,0,0,0,0,0,0,0,1,0.788,0.771,4,-3.206,0,0.0563,0.291,5.62e-05,0.172,0.701,0,0,0,0,0,0,1,0,0,0,0,1,spanish
0,0,0,0,0,1,0,0,0,0,0,0,0,1,0.754,0.805,6,-4.249,1,0.0752,0.315,0.0,0.203,0.555,0,0,0,0,0,0,0,0,1,0,0,1,spanish
